 46 1 0 0 0 0 0 1 0 0  0 30.00 15.00  3.00   .    19.0   .   1    .  2  6.50 16.50  1.03  1.03  0.52  3  3 1 1 111792  1  3.50 35.00  3.00  4.30  26.0  0.08 1 2  6.50 16.50  1.03   .    0.94  4  4    
 49 2 0 0 0 0 0 1 0 0  0  6.50  6.50  4.00   .    26.0   .   0    .  2 10.00 13.00  1.01  0.90  2.35  4  3 1 1 111292  .  0.00 15.00  4.00  4.45  13.0  0.05 0 2 10.00 13.00  1.01  0.89  2.35  4  4    
506 2 1 0 0 0 0 1 0 0  0  3.00  7.00  2.00   .    13.0  0.37 0  30.0 2 11.00 10.00  0.95  0.74  2.33  3  3 1 1 111292  .  3.00  7.00  4.00  5.00  19.0  0.25 . 1 11.00 11.00  0.95  0.74  2.33  4  3    
 56 4 1 0 0 0 0 1 0 0  0 20.00 20.00  4.00  5.00  26.0  0.10 1   0.0 2 10.00 12.00  0.87  0.82  1.79  2  2 1 1 111492  .  0.00 36.00  2.00  5.25  26.0  0.15 0 2 10.00 12.00  0.92  0.79  0.87  2  2    
 61 4 1 0 0 0 0 1 0 0  0  6.00 26.00  5.00  5.50  52.0  0.15 1   0.0 3 10.00 12.00  0.87  0.77  1.65  2  2 1 1 111492  . 28.00  3.00  6.00  4.75  13.0  0.15 0 2 10.00 12.00  1.01  0.84  0.95  2  2    
 62 4 1 0 0 0 0 1 0 0  2  0.00 31.00  5.00  5.00  26.0  0.07 0  45.0 2 10.00 12.00  0.87  0.77  0.95  2  2 1 1 111492  .   .     .     .     .    26.0   .   0 2 10.00 12.00   .    0.84  1.79  3  3    
445 1 0 0 0 0 0 0 1 0  0 50.00 35.00  3.00  5.00  26.0  0.10 0   0.0 2  6.00 18.00  1.04  0.88  0.94  3  3 1 1 110792  . 15.00 18.00  5.00  4.75  26.0  0.15 0 2  6.00 18.00  1.04  0.86  0.94  3  3    
451 1 0 0 0 0 0 0 1 0  0 10.00 17.00  5.00  5.00  52.0  0.25 0   0.0 2  0.00 24.00  1.05  0.84  0.96  6  4 1 1 111792  2 26.00  9.00  6.00  5.00  26.0  0.20 0 2  0.00 24.00  1.11  0.84  0.94  6  3    
455 2 1 0 0 0 0 0 1 0  0  2.00  8.00  5.00  5.25  13.0  0.25 0   0.0 1 11.00 10.00  0.73  0.73  2.32  2  2 1 1 111292  .  3.00 12.00  2.00  5.00  13.0  0.25 0 2 11.00 11.00  0.94  0.84  2.32  4  3    
458 2 1 0 0 0 0 1 0 0  2  2.00 10.00  2.00  5.00  19.0  0.15 0   0.0 1 11.00 10.00  0.94  0.73  2.32  4  4 1 1 111792  1  2.00  9.00  2.00  5.00  13.0  0.25 0 1 11.00 10.50  0.90  0.73  2.32  4  3    
462 3 1 0 0 0 0 0 1 0  0  2.50 20.00  3.00  5.00  13.0  0.37 1   5.0 2  9.00 12.50  1.05  1.01  1.11  4  4 2 1 122292  1  1.00 25.00  4.00  4.75  13.0  0.20 0 2  9.00 12.00  1.01  1.01  0.89  6  3    
468 1 0 0 0 0 0 0 1 0  0 40.00 30.00  3.00  5.00  13.0  0.17 0   0.0 2  6.00 18.00  0.95  0.94  0.95  4  3 1 1 110792  .  9.00 32.00  4.00  5.00  26.0  0.13 1 2  6.00 18.00  0.97  0.84  0.86  4  3    
469 1 0 0 0 0 0 0 1 0  0  8.00 27.00  5.00  5.00  39.0  0.25 0  80.0 2  6.00 18.00  0.92  0.72  0.96  3  2 1 1 111692  1  7.00 39.00  4.00  4.50  41.0  0.23 0 2  6.00 18.00  0.92  0.81  0.87  3  3    
470 1 0 0 0 0 0 0 1 0  0 10.50 30.00  3.00  5.50    .   0.30 0   0.0 2  6.00 18.00  0.97  0.84  0.94  3  3 1 1 111792  2 18.00 10.00  3.00  4.75  13.0  0.15 1 2  6.00 18.00  1.03  0.84  0.94  3  2    
474 1 0 0 0 0 0 0 1 0  2  6.00  9.00  3.00  5.00  26.0  0.37 0   0.0 2  9.00 12.50  1.13  0.98  1.01  3  1 2 1 122292  1  5.00 20.00  3.00  4.50    .   0.00 0 2  8.50 13.00  1.09  0.94  0.94  3  2    
481 2 1 0 0 0 0 0 1 0  2  5.00 17.50  3.00  5.25  26.0  0.25 1   0.0 3 11.00 10.00  0.95  0.74  2.53  5  4 1 1 111792  2 15.00  4.00  3.00  5.00  26.0  0.25 1 2 11.00 11.00  0.74  0.73  2.53  3  3    
483 2 1 0 0 0 0 0 1 0  0  1.00 15.00  1.00  5.00  13.0  0.07 1   0.0 2 11.00 10.00  0.94  0.73  2.32  4  3 1 1 111292  .  4.00 13.00  3.00  4.75  13.0  0.18 0 1 11.00 11.00  0.95  0.74  2.33  4  3    
487 3 1 0 0 0 0 0 1 0  0 10.00  6.00  2.00  5.00  13.0  0.17 1   0.0 2 10.00 11.50  1.11  0.91  0.95  6  3 1 1 111192  .  6.00 20.00  3.00  4.75  26.0  0.10 0 2 10.50 11.00  1.05  1.01  0.94  6  1    
488 3 0 0 0 0 0 0 1 0  1 20.00 13.00  3.00  5.00  13.0  0.25 1   0.0 2  6.00 16.00  1.05  0.79  1.01  5  5 1 1 111192  .  5.00 15.00  3.00  4.75  26.0  0.13 0 2  7.00 15.00  1.01  1.01  0.94  5  3    
489 3 0 0 0 0 0 0 1 0  2  5.00 23.00  2.00  5.00  13.0  0.37 1   6.0 2  7.00 14.00  1.05  1.01  0.94  4  4 1 1 111892  2  2.00 19.00  3.00  4.25  26.0  0.13 0 2 10.00 11.50  1.01  1.01  1.05  6  3    
490 3 1 0 0 0 0 0 1 0  0 10.00 12.50  4.00  5.00  13.0  0.12 0   0.0 2  6.00 16.00  1.05  1.01  1.05  4  4 1 1 111692  1  2.00 18.00  3.00  5.00  26.0  0.28 0 2  6.00 16.00  1.01  1.01  1.05  5  3    
493 3 1 0 0 0 0 1 0 0  0 27.00 12.00  3.00  5.00  26.0  0.25 0   0.0 2  6.00 16.00  1.05  0.90  2.01  6  3 1 1 111192  .  0.00 30.00  4.00  4.90  13.0  0.25 0 2  6.00 16.00  1.02  1.01  0.84  3  3    
495 3 0 0 0 0 0 0 1 0  2  4.00 28.00  3.00  5.00  26.0  0.25 0   2.0 2  7.00 15.00  1.05  1.01  0.94  3  3 1 1 111192  .  8.00 20.00  3.00  5.00  26.0  0.25 1 2  6.00 16.00  0.96  1.01  1.01  5  3    
496 3 1 0 0 0 0 0 1 0  0 10.00 15.00  3.00  5.00  13.0  0.17 1   0.0 2  6.00 16.00  1.05  0.90  0.73  5  3 1 1 111192  . 10.00 10.00  3.00  4.75  19.0  0.18 0 2  6.00 16.00  1.01  1.01  0.89  .  .    
499 4 1 0 0 0 0 0 1 0  0  0.00 28.00  5.00  5.00  26.0  0.07 1  11.0 2 10.00 12.00  0.90  0.69  1.75  2  2 1 1 111492  1  0.00 31.00  5.00  5.00  26.0  0.10 1 2 10.00 12.00  0.90  0.69  0.94  2  2    
509 3 1 0 0 0 0 0 1 0  2  3.00 16.00  3.00  5.00  13.0  0.25 0  30.0 2  6.00 16.00  1.05  0.95  1.16  6  3 1 1 111192  .  5.50 10.00  3.00  4.25  26.0  0.20 0 2  6.50 15.50  1.00  1.01  0.94  3  2    
515 3 1 0 0 0 0 0 1 0  0  7.00 16.00  4.00  5.00  13.0  0.20 0  33.0 2  6.00 16.00  1.05  0.94  1.16  5  3 1 1 111192  .  5.00 19.00  3.00  4.75  13.0  0.18 0 2  6.00 16.00  1.01  1.01  0.94  5  4    
 37 1 0 0 0 0 0 1 0 0  2 21.00  9.00  7.00  4.25   4.0  0.25 0  33.0 2  6.50 16.50  0.98  0.84  0.84  5  3 1 1 111092  .  6.00 25.00  7.00  4.25  52.0  0.18 0 2  6.50 16.50  0.98  0.84  0.86  6  3    
 39 1 0 0 0 0 0 1 0 0  0  1.00 32.00  2.00  4.25   8.0   .   0 100.0 2  6.50 17.50  1.03  0.73  0.52  4  2 1 1 111792  .  5.00 15.00  3.00   .      .    .   0 2  6.50 16.50  1.05   .    0.63  4  2    
 40 1 0 0 0 0 0 1 0 0  0 10.00 20.00  7.00  4.25   4.0  0.15 0 100.0 2  6.50 16.50  0.98  0.82  0.80  3  3 1 1 111092  .  7.00 25.00  6.00  4.25   8.0  0.13 0 2  6.50 17.50  0.98  0.82  0.87  3  2    
 41 1 0 0 0 0 0 1 0 0  0  0.00 27.00  6.00  4.25  18.0  0.20 0 100.0 2  6.50 16.50  0.98  0.82  0.85  3  3 1 1 111892  2  0.00 42.00  6.00  4.25    .    .   0 2  6.50 17.50  0.94  0.78  0.91  3  2    
 42 1 0 0 0 0 0 1 0 0  2 17.00  4.00  5.00  4.50    .    .   0 100.0 2  6.50 16.50  0.98  0.83  0.86  3  3 1 1 111792  1  0.00 22.00  5.00  4.25  26.0  0.25 0 2  6.50 16.50  0.94   .     .    3  2    
 45 1 0 0 0 0 0 1 0 0  0  0.00 24.00  6.00  4.25   2.0  0.25 0  25.0 2  7.00 16.00  0.98  0.83  0.86  3  3 1 1 111092  . 11.00 12.00  2.00  4.25  26.0  0.15 0 3  6.50 17.50  0.98  0.75  0.86  3  3    
 47 1 0 0 0 0 0 1 0 0  2 25.00 15.00   .    4.50   4.0  0.17 0  75.0 2  6.00 17.00  1.05  0.86  0.86  3  3 1 1 111092  .  0.00 45.00  2.00  4.25    .    .   0 2  6.00 18.00  1.05  0.86  0.86  3  .    
 48 1 0 0 0 0 0 1 0 0  0  6.00 20.00  3.00  4.25  13.0  0.20 1  31.0 3  7.00 14.00  1.01  0.84  0.63  4  3 1 1 111092  .  7.50 25.00  5.00  4.38  13.0  0.25 1 3  7.00 14.00  0.98  0.79  0.87  4  3    
 50 2 0 0 0 0 0 1 0 0  0  6.00 10.00  3.00  4.50  13.0   .   0  20.0 2 10.00 12.00  1.01  0.89  3.50  4  3 1 1 111292  .  4.00 20.00  3.00  4.75  13.0  0.10 0 2 10.00 13.00  1.01  0.89  2.35  4  3    
 51 2 0 0 0 0 0 1 0 0  1  0.00 15.00  3.00  4.25    .   0.15 0 100.0 2 10.00 13.00  1.01  0.89  2.35  4  3 1 1 111792  2  6.00 15.00  3.00  4.25    .    .   0 2 10.00 13.00  1.00  0.89  2.35  5  3    
 57 4 1 0 0 0 0 1 0 0  0 30.00 10.00  3.00  4.67  26.0  0.07 1  70.0 2 10.00 12.00  0.87  0.79  0.90  2  2 1 1 111492  1  7.00 18.00  4.00  4.50  26.0  0.13 1 2 10.00 12.00  1.01  0.78  0.90  2  2    
 58 4 1 0 0 0 0 1 0 0  2  8.00 25.00  3.00  4.75  26.0  0.15 0  80.0 2 10.00 12.00  0.87  0.77  1.01  2  2 1 1 111492  2  0.00 28.00  4.00  4.50  26.0  0.08 1 2 10.00 12.00  1.04  0.84  0.94  2  2    
 59 4 0 0 0 0 0 1 0 0  3  0.00 15.00  3.00  4.25  26.0  0.10 0  90.0 1  7.50 10.50  0.91  0.89  0.81  2  2 1 1 111492  1  0.00 16.00  4.00  4.25  26.0  0.10 0 1  7.50 10.50  1.01  0.84  0.86  2  2    
 60 4 0 0 0 0 0 1 0 0  0 10.00 20.00  5.00  4.25   4.0  0.10 0  75.0 1 10.50 11.50  0.94  0.74  0.86  2  2 1 1 111792  2 10.00 20.00  5.00  4.25   4.0  0.25 0 1 10.00 12.00  0.98  0.84  0.86  2  2    
407 2 1 0 0 0 0 0 1 0  0  2.00 12.00  3.00  4.75  52.0  0.12 0  90.0 3 11.00 10.00  0.95  0.74  2.33  4  3 1 1 111492  .  1.00 14.00  3.00  4.25   4.0  0.30 0 1 11.00 11.00  0.95  0.84  2.53  4  3    
430 1 0 0 0 0 0 1 0 0  0 20.00 25.00  4.00  4.25  13.0  0.15 0  44.0 2  7.00 15.00  0.95  0.75  0.80  3  3 1 1 110792  .  0.00 48.00  3.00  4.25  26.0  0.13 0 2  7.00 16.00  0.91  0.73  0.75  3  3    
432 1 0 0 0 0 0 1 0 0  0 20.00 55.00  5.00  4.50  17.0  0.15 0  75.0 2  7.00 16.00  0.94  0.74  0.79  4  3 1 1 110792  1 25.00 10.00  4.00  5.05  26.0  0.20 0 2  7.00 16.00  0.94  0.74  0.79  3  1    
433 1 0 0 0 0 0 1 0 0  0 10.00 30.00  4.00  4.25  13.0  0.15 0  75.0 2  7.00 16.00  0.95  0.73  0.80  3  3 2 1 123092  6  0.00 42.00  4.00   .      .    .   0 2  7.00 16.00  0.94  0.74  0.74  3  3    
434 1 0 0 0 0 0 1 0 0  2 15.00 50.00  5.00  4.25   6.0  0.25 0  77.0 2  7.00 16.00  0.95  0.75   .    3  3 1 1 111692  . 19.00 29.00  4.00  4.25    .    .   0 2  7.00 16.00  0.95  0.80  0.80  3  3    
435 1 0 0 0 0 0 1 0 0  1  1.00 37.50  3.00  4.25   4.0  0.17 1  25.0 2  6.50 15.50  0.95  0.75  0.79  3  3 1 1 110792  .  0.00 32.00  5.00  4.25   6.0  0.15 1 2  6.50 15.50  0.94  0.74  0.79  3  2    
438 2 0 0 0 0 0 1 0 0  2  0.00  9.00  3.00  4.25  52.0  0.07 0  11.0 2 11.00  8.00  1.01  0.84  2.43  2  1 1 1 111292  .  2.00  9.00  3.00  4.25  52.0  0.05 0 2 11.00  9.00  0.95  0.84  2.43  2  1    
440 4 0 0 0 0 0 1 0 0  2  0.00 25.00  3.00  4.25  19.0  0.15 0 100.0 2 10.50 11.50  0.89  0.79  2.01  2  2 1 1 111392  .  0.00 30.00  3.00   .      .    .   0 2 10.50 11.50  1.00  0.80  1.80  2  2    
441 4 0 0 0 0 0 1 0 0  2 30.00 10.00  3.00  4.25   4.0  0.25 1 100.0 2 10.50 11.50  0.89  0.77  0.84  2  2 1 1 111392  .  0.00 30.00  3.00  4.25   4.0  0.25 0 2 10.50 11.50  1.00  0.80  1.81  2  2    
443 4 0 0 0 0 0 1 0 0  0  4.00 19.00  4.00  4.25   4.0  0.25 0  95.0 2 10.50 11.50  0.89  0.79  1.80  2  2 1 1 111392  .  5.00 20.00  4.00  4.35  17.0  0.18 0 2 10.50 11.50  1.00  0.80  1.81  2  2    
444 4 0 0 0 0 0 1 0 0  2 12.00 20.00  3.00  4.25  19.0  0.37 0    .  2 10.50 12.50  0.89  0.80  0.84  2  2 1 1 111392  . 10.00 35.00  4.00  4.50   4.0  0.30 0 2 10.50 11.50  0.89   .    0.79  2  2    
446 1 0 0 0 0 0 0 1 0  2   .     .    3.00  4.50   4.0  0.25 0  50.0 2  6.00 18.00  1.03  0.84  0.94  .  . 1 1 110792  .  7.00 24.00  4.00  5.00   4.0  0.25 1 2  6.00 18.00  0.97  0.84  0.91  4  3    
448 1 0 0 0 0 0 0 1 0  0  8.00 18.00  4.00  4.75   4.0  0.25 1  78.0 2  6.00 18.00  0.97  0.84  0.91  3  3 1 1 111892  1  8.00 27.00  3.00  4.50  13.0  0.25 0 2  6.00 18.00  0.96  0.83  0.87  3  3    
449 1 0 0 0 0 0 0 1 0  2  0.00 25.00  3.00  4.87   3.5   .   0   3.0 2  6.00 18.00   .     .     .    4  4 1 1 110792  . 15.00 15.00  5.00  5.00  52.0  0.25 0 2  6.00 18.00  0.97  0.84  0.73  3  3    
450 1 0 0 0 0 0 0 1 0  0  2.00 21.00  3.00  4.75  13.0  0.15 0  50.0 2  6.50 16.50  0.97  0.82  0.84  3  3 1 1 111892  2 27.50  8.00  3.00  4.75  13.0  0.25 1 2  6.00 18.00  0.91  0.84  0.86  3  3    
454 2 1 0 0 0 0 0 1 0  0  1.00  9.00  3.00  4.50   4.0  0.15 0    .  2 11.00 10.00  0.94  0.73  2.53  4  3 1 1 111292  .  0.00 18.00  5.00  5.00  13.0  0.25 0 1 11.00 11.00  0.94  0.73  2.64  4  3    
459 3 1 0 0 0 0 0 1 0  0  5.00 20.00  3.00  4.25  13.0  0.37 0    .  2  6.00 16.00  1.05  0.90  0.94  5  . 2 1 122292  1  0.00 20.00  5.00  4.35  28.0  0.15 1 2  7.00 15.00  1.01  1.01  0.89  4  2    
466 4 0 0 0 0 0 0 1 0  2  8.00 17.50  4.00  4.75  17.0  0.30 1  65.0 3 10.50 11.50  0.94  0.80  0.94  2  2 1 1 111892  5 14.00 12.00  3.00   .    52.0   .   0 1 10.50 11.50  0.94   .     .    2  2    
471 1 0 0 0 0 0 0 1 0  2 25.00 20.00  4.00  4.25  26.0   .   0  50.0 2  6.00 18.00  0.97  0.84  0.91  2  2 1 1 111692  . 12.00 23.00  3.00  4.25  26.0  0.15 0 2  6.00 18.00  0.97  0.86  0.91  3  1    
472 1 0 0 0 0 0 0 1 0  2 37.50  2.00  3.00  4.25  52.0   .   0  80.0 2  6.50 16.50  0.97  1.05  0.91  3  3 1 1 110792  .  8.00 25.00  3.00  4.90  13.0  0.18 0 2  6.00 17.00  0.96  0.84  0.91  3  3    
473 1 0 0 0 0 0 0 1 0  0  5.00 27.00  4.00  4.75  26.0  0.50 1  50.0 2  6.00 17.00  0.97  0.86  0.89  3  2 1 1 111792  1 26.00 15.00  2.00  4.50  19.0  0.13 0 2  6.00 17.00  0.97  0.84  0.86  3  3    
475 1 0 0 0 0 0 0 1 0  1 25.00  8.00  3.00  4.50    .    .   0  60.0 1  7.00 15.00  1.02  0.89  0.90  3  3 1 1 110792  . 10.00 16.00  3.00  4.50  26.0  0.15 0 1  7.00 15.00  1.02  0.94  0.90  3  3    
476 1 0 0 0 0 0 1 0 0  2  6.00 30.00  3.00  4.25  52.0  0.12 0  60.0 2  6.00 18.00  0.95  0.79  0.91  3  3 1 1 111792  1  5.00 30.00  3.00  4.75  52.0  0.20 0 2  6.00 18.00  0.96  0.84  1.18  3  3    
477 1 0 0 0 0 0 0 1 0  1  8.00 28.00  4.00  4.25  39.0  0.12 1  50.0 2  6.50 16.50  0.97  0.78  0.99  3  3 1 1 110792  .  6.00 20.00  4.00  6.25  26.0  0.50 0 2  6.00 17.00  0.96  0.84  0.89  3  3    
478 1 0 0 0 0 0 1 0 0  0 32.00 25.00  4.00  4.50  13.0  0.22 0  30.0 2  6.00 19.00  0.97  0.86  0.91  3  3 2 1 122292  1  8.00 30.00  4.00  4.35  13.0  0.25 0 2  6.00 18.00  1.01  0.88  0.91  3  2    
485 2 1 0 0 0 0 0 1 0  2  1.00  9.00  3.00  4.50  26.0  0.37 0  80.0 2 11.00 10.00  0.95  0.74  2.33  4  3 1 1 111292  .  4.00 12.00  3.00  4.50  19.0   .   0 2 11.00 11.00  1.01  0.73  2.32  4  3    
491 3 0 0 0 0 0 0 1 0  0  4.00 25.00  2.00  4.50  13.0  0.37 0 100.0 2  8.50 13.00  1.05  0.91  0.95  3  2 2 3 123092  3  0.00  0.00  0.00   .      .    .   . .   .     .     .     .     .    .  .    
492 3 1 0 0 0 0 0 1 0  0  2.00 16.00  3.00  4.50  13.0  0.25 0  75.0 2  9.00 12.50  1.11  1.05  0.94  2  1 1 1 111192  .  4.00 15.00  2.00  4.50  19.0  0.10 0 2  9.00 12.50  1.11  1.11  1.05  2  1    
497 4 1 0 0 0 0 0 1 0  0 12.00 15.00  3.00  4.50  13.0  0.15 1  37.0 2 10.00 12.00  0.91  0.84  0.84  2  2 1 1 111392  .   .     .    5.00   .      .    .   0 2 10.00 12.00  1.01  0.90  0.79  2  2    
498 4 1 0 0 0 0 0 1 0  2 20.00 10.00  3.00  4.75  26.0  0.10 1  75.0 2 10.00 12.00  0.91  0.84  0.85  2  2 1 1 111792  2 21.00  5.50  3.00  5.00  26.0   .   1 2 10.00 12.00  0.98  0.84  0.90  2  2    
501 1 0 0 0 0 0 0 1 0  0 14.00 15.00  3.00  4.25   4.0  0.37 1  63.0 2  6.50 16.50  0.84  0.84  0.94  3  3 1 1 111792  2 30.00 15.00  6.00  4.75   4.0  0.35 1 1  6.00 18.00  1.03  0.91  0.91  3  3    
503 1 0 0 0 0 0 0 1 0  2  7.50 14.00  4.00  4.75    .   0.12 0 100.0 2  6.50 16.50  0.97  0.84  0.91  3  3 1 1 110792  . 35.00  6.50  3.00  4.50  13.0  0.15 0 2  6.00 18.00  0.97  0.84  1.00  3  3    
510 3 1 0 0 0 0 0 1 0  0  7.00 25.00  4.00  4.25  26.0  0.25 0  60.0 2  6.00 16.00  1.05  0.91  1.05  3  3 1 1 111892  2  2.50 17.50  3.00   .    13.0   .   1 2  7.00 15.00  1.05  1.01   .    5  3    
511 3 1 0 0 0 0 0 1 0  0  4.00 16.00  3.00  4.75   9.0  0.15 0  75.0 2  6.00 16.50  1.01  0.91  1.05  4  4 1 1 111192  .  3.00 13.00  3.00  4.75    .    .   0 2  7.00 15.00  1.01  1.01  0.89  6  2    
514 3 0 0 0 0 0 0 1 0  0  5.00 20.00  3.00  4.50  26.0  0.25 0  25.0 2  6.00 16.00  0.94  0.90  0.94  5  3 1 1 111192  1 23.00 16.00  3.00  4.25  10.0  0.20 0 2  6.00 16.00  0.95  0.95  1.05  6  4    
516 3 1 0 0 0 0 0 1 0  2  6.00 22.50  3.00  4.75  13.0  0.12 0  23.0 3  6.00 16.00  1.05  0.91  1.05  4  3 1 1 111692  .  2.00 12.00  2.00  4.91  14.0  0.18 1 2  8.00 14.00  1.01  0.95  0.89  5  3    
521 1 0 0 0 0 0 1 0 0  0  2.50 20.00  3.00  4.25  13.0   .   1  50.0 2  6.50 16.50   .     .    0.52  4  4 1 1 110792  .  0.00 12.00  8.00  4.40  13.0  0.13 1 2  7.00 16.00  0.41  0.84  0.89  4  2    
522 1 0 0 0 0 0 1 0 0  2  2.00 30.00  4.00  4.35  26.0  0.20 0  75.0 3  7.00 16.00  1.00  0.87  0.94  3  3 1 1 110792  .  3.00 23.00  3.00  4.25  26.0  0.15 0 3  7.00 16.00  1.00  0.74  0.95  3  3    
113 1 0 1 0 1 0 0 0 0  0  0.00 22.00  4.00   .      .    .   1    .  2  7.00 16.00  1.06  0.95  1.00  4  . 1 1 111092  .  2.00 40.00  5.00  5.05  26.0  0.28 1 2  7.00 16.00  1.05  0.90  0.98  3  2    
123 1 0 1 0 1 0 0 0 0  0  0.00 20.00  5.00   .    13.0   .   0  28.0 2  7.00 14.50  1.06  0.95  1.01  2  1 1 1 111092  .  5.00 25.00  4.00  5.05  26.0  0.15 0 3  7.50 14.00  1.05  0.94  1.00  3  2    
135 3 0 1 0 1 0 0 0 0  0 10.00 20.00  4.00   .    26.0   .   0    .  0  9.00 12.50   .     .     .    5  3 1 1 111692  .  8.00 24.00  3.00  5.05    .   0.25 0 2 10.00 11.50  1.16  1.06  1.05  5  3    
138 3 1 1 0 0 1 0 0 0  0  4.50 25.50  2.00   .      .    .   1    .  2 10.00 11.50  1.12  1.07  1.06  6  . 1 1 111692  .  2.00 33.00  3.00  5.05  26.0  0.20 0 2 10.00 11.50  1.21  1.01  0.94  6  4    
153 1 0 1 0 0 1 0 0 0  0  0.00 25.00  9.00   .    52.0  0.15 0  33.0 1  7.00 17.00  1.00  0.95  0.89  4  3 1 1 111092  . 26.50 10.00  3.00  5.05  26.0  0.15 0 2  7.00 17.00  1.05  0.95  0.95  3  2    
181 2 0 1 0 0 1 0 0 0  0  0.00 13.00  3.00   .      .    .   0 100.0 1 10.50 11.00  0.91  0.79  2.34  3  2 1 1 111192  .  1.00 15.00  2.00  5.05    .   0.25 0 1 10.50 11.00  0.95  0.90  2.49  3  2    
191 4 0 1 0 0 1 0 0 0  0 30.00 20.00  4.00   .      .    .   0    .  2 10.50 12.00  1.06  0.95  1.06  .  1 1 1 111792  1  0.00 25.00  4.00  5.05   6.0  0.25 1 2 10.50 12.00  1.02  0.94  1.05  2  2    
231 1 0 1 0 0 1 0 0 0  1   .   10.00  3.00   .    26.0   .   0    .  2  7.00 16.00  1.02  1.02  0.95  2  2 1 1 111092  . 16.00  6.00  4.00  5.05   4.0  0.25 0 1  7.00 16.00  0.90  0.95  0.95  3  1    
236 1 0 1 0 0 1 0 0 0  3  0.00 34.00  4.00   .    17.0   .   0  95.0 1  7.00 17.00  1.18  1.02  1.06  4  3 1 1 111792  2 23.00 22.00  4.00  5.05   8.0  0.28 1 1  7.00 18.00  1.10  1.01  0.99  4  3    
254 4 0 1 1 0 0 0 0 1  0 20.00 10.00  3.00   .    16.0   .   0    .  1  7.00 16.00  1.06  0.86  1.06  2  2 1 1 111492  1 28.00 10.00  3.00  5.25   8.0  0.20 1 1  7.00 15.00  1.00  0.85  1.05  2  2    
255 4 0 1 1 0 0 0 0 0  2  0.00 14.00  3.00   .    52.0  0.27 1  10.0 1  7.00 14.00  1.01  0.79  0.85  2  2 1 1 111392  .  8.00 12.00  2.00   .    52.0  0.14 0 1  7.00 14.00  1.00  0.85  2.11  2  2    
294 1 0 1 0 0 1 0 0 0  3  0.00 35.00  3.00   .    26.0  0.20 0  70.0 2  7.00 16.00  1.06  0.95  0.95  3  3 1 1 110992  .  0.00 35.00  3.00  5.05  26.0  0.20 0 2  7.00 16.00  1.05  0.94  0.94  3  2    
306 3 1 1 0 0 1 0 0 0  0 15.00 15.00  3.00   .    17.0   .   0    .  2  6.00 17.00  1.02   .    1.06  4  4 1 1 111792  1  6.00 20.00  3.00  5.05  26.0  0.23 0 2  6.00 18.00  1.11  1.05  1.05  .  2    
311 4 0 1 0 0 1 0 0 0  2  0.00 30.00  4.00   .    26.0  0.32 1  78.0 2 10.50 11.50  0.91  0.91  1.06  2  2 1 1 111392  . 35.00 30.00  3.00  5.05    .   0.20 0 2 10.50 11.50  1.01  0.95  1.05  2  2    
315 1 0 1 1 0 0 0 0 0  0  5.00 19.00  2.00   .     4.0  0.25 1  65.0 3  7.00 16.00  1.00  0.85  0.88  3  2 1 1 110992  .  4.50 20.00  2.00  5.05   8.0  0.08 0 2  7.00 16.00  1.05  0.84  0.87  3  2    
335 1 1 1 1 0 0 0 0 0  0  9.00 10.00  3.00   .    13.0  0.17 0 100.0 1  6.00 17.00  1.06  0.92  0.92  5  2 1 1 111892  3  7.00 13.00  3.00  5.05  26.0  0.13 0 1  6.00 17.00  1.05  0.94  0.94  5  2    
372 1 1 1 0 0 1 0 0 0  2  0.00 45.00  5.00   .    26.0  0.15 1  30.0 3  6.50 19.00  1.10  0.95  1.10  4  . 1 1 111792  1 30.00 20.00  5.00  5.05   8.0  0.08 0 2  6.50 18.50  1.06  1.05  1.04  4  3    
  6 3 1 1 0 1 0 0 0 0  2  2.00  2.00  2.00  5.00  13.0  0.25 0 100.0 1 11.00  7.00  1.20  1.17  2.35  4  2 1 1 111792  1  5.00  2.00  2.00  5.05  13.0  0.15 0 1 10.00  8.00  1.11  1.01  2.23  4  2    
 14 2 0 1 0 1 0 0 0 0  0 10.00  8.00  2.00  5.12   6.0  0.25 0   0.0 3 11.00 11.00  1.06  0.85  2.49  6  5 1 1 110592  .  4.00 17.00  3.00  5.05  13.0  0.25 1 2 11.00 11.00  1.05  0.94  2.60  6  3    
 26 1 0 1 0 0 1 0 0 0  3 30.00 15.00  4.00  5.56   6.0   .   1    .  2  7.00 16.00  1.06  0.91  0.98  4  2 1 1 111792  2 10.00 20.00  4.00  5.05    .    .   0 2  7.00 16.00  1.01  0.94  0.94  5  4    
 27 2 1 1 0 1 0 0 0 0  2  4.00 10.00  4.00  5.00    .   0.37 0   0.0 1 11.00 10.00  1.06  0.85  2.34  4  3 1 1 111292  .  0.00  7.00  4.00  5.05  26.0  0.25 0 1 11.00 10.00  1.05  0.84  2.53  4  3    
 30 2 0 1 0 0 1 0 0 0  4  6.00  4.00  2.00  5.00  13.0  0.37 0   0.0 1 11.00 10.00  1.06  1.06  2.53  2  2 1 1 111292  .  4.00  3.00  2.00  5.05  19.0  0.25 1 1 11.00 10.00  0.94  0.92  2.69  2  2    
 31 2 0 1 0 1 0 0 0 0  2  4.00 16.00  3.00  5.25  13.0  0.15 0   0.0 2 11.00 11.00  1.03  1.06  2.56  4  3 1 1 111492  3  6.00 15.00  5.00  5.05  26.0  0.25 0 1 10.50 12.50  1.00  1.05  2.64  4  4    
 33 3 0 1 0 0 1 0 0 0  0 12.00 20.00  4.00  5.00  26.0  0.25 0   7.0 2  6.00 17.00  1.02  1.07  0.95  5  4 1 1 111392  .  6.00 11.00  5.00  5.05    .   0.20 0 2  6.00 17.00  1.11  1.06  1.05  4  2    
 36 4 0 1 0 1 0 0 0 0  0  8.00 12.00  4.00  5.50  30.0  0.17 1   0.0 2 10.50 13.00  1.02  0.91  2.57  2  2 1 1 111492  . 10.00 35.00  6.00  5.05  26.0  0.15 1 2 10.50 12.50  0.95  0.89  1.19  2  2    
 77 3 0 1 0 0 1 0 0 0  0  6.00 50.00  4.00  5.00   4.0  0.15 0 100.0 2  6.00 19.00  1.18  1.07  1.17  6  5 1 1 111992  4  4.00 60.00  3.00  5.05  52.0  0.15 0 2  6.00 19.00  1.06  1.06  1.05  6  2    
 78 3 1 1 0 0 1 0 0 0  0 13.00 10.00  3.00  5.00  26.0  0.15 0   0.0 2  6.00 17.00  1.12  1.02  1.02  4  2 1 1 111392  . 10.00 12.00  2.00  5.05  26.0  0.10 0 2  7.00 16.00  1.11  1.01  1.05  5  3    
 81 4 0 1 0 0 1 0 0 0  4 25.00 13.00  3.00  5.00  26.0  0.10 0  95.0 2 10.00 12.00  1.06  0.98  1.06  2  2 2 1 121592  3  0.00 45.00  4.00  5.05    .    .   1 2 10.50 11.50  1.11  0.98  2.07  2  1    
 82 4 0 1 0 0 1 0 0 0  6  8.00 14.50  3.00  5.00  13.0  0.37 1   0.0 2 10.50 13.50  1.06  1.03  1.06  2  2 1 1 111492  . 25.00  8.00  4.00  5.05  13.0  0.18 1 2 10.50 13.50  1.11  0.98  1.05  2  2    
 83 4 0 1 0 0 1 0 0 0  2 12.50 20.00  2.00  5.00  13.0  0.25 0  11.0 2 10.50 13.50  1.06  0.98  2.13  2  2 1 1 111792  2   .     .    4.00  5.05  26.0  0.50 0 2 10.00 14.00  1.11  0.89  0.99  2  2    
 85 1 0 1 0 1 0 0 0 1  3  7.00 20.00  3.00  5.50  26.0  0.52 0   1.0 1  9.00 12.50  1.12  1.02  1.02  5  4 1 1 111692  .  0.00 35.00  3.00  5.05  26.0  0.18 0 1  9.00 12.50  1.11  1.01  1.05  5  1    
 89 1 1 1 0 1 0 0 0 0  2 10.00  6.00  3.00  5.00  13.0  0.17 0   0.0 2  7.00 16.00  1.09  0.95  1.04  3  2 1 1 111092  .  6.00 25.00  6.00  5.50   4.0  0.63 0 2  7.00 16.00  1.11  1.01  1.05  3  3    
 94 2 0 1 0 1 0 0 0 0  2  0.00 25.00  5.00  5.00  26.0  0.25 0   0.0 3 11.00 10.00  1.06  0.80  2.56  .  . 1 1 111292  .  2.00 20.00  4.00  5.05  52.0  0.25 0 1 11.00 10.00  1.05  0.79  2.53  3  .    
103 4 0 1 0 0 1 0 0 0  2 12.50 10.00  3.00  5.00  26.0  0.27 0  50.0 2 10.50 11.50  0.91  0.85  0.95  2  2 1 1 111492  2   .     .    2.00  5.05  13.0   .   0 2 10.50 12.50  1.05  0.84  1.26  2  2    
112 4 0 1 0 0 1 0 0 0  0  4.00 26.00  3.00  5.00  13.0  0.20 0  80.0 2 10.00 14.00  1.06  0.98  1.06  2  2 2 1 121392  9  5.00 25.00  6.00  5.05  28.0  0.18 0 2 10.50 12.50  1.11  1.09  2.07  .  .    
128 2 1 1 0 1 0 0 0 0  3  6.50  7.50  2.00  5.00    .   0.15 0    .  2 11.00 11.00  1.06  0.85  2.34  4  2 1 1 111492  1  3.00 16.00  2.00  5.05  26.0  0.25 0 1 11.00 11.00  1.05  0.79  2.32  3  2    
129 3 0 1 0 1 0 0 0 0  3 20.00 20.00  3.00  5.25  26.0  0.05 0   0.0 2  6.00 16.00  1.10  1.00  0.74  6  4 1 1 111392  .  7.00 18.00  4.00  5.05  52.0  0.25 0 2  6.00 16.00  1.11  1.00  0.89  4  3    
131 3 0 1 0 1 0 0 0 0  2 15.00 25.00  4.00  5.50   4.0  0.37 1  10.0 2  6.00 17.00  1.06  1.06  1.06  5  2 2 1 121692  2  8.00 22.00  3.00  5.05    .    .   0 2  7.00 15.00  1.05  1.11  1.05  5  4    
139 4 0 1 0 1 0 0 0 0  0   .     .    2.00  5.50    .    .   0    .  2 10.50 12.50  0.95  0.95  1.06  2  1 1 1 111492  . 11.00 25.00  5.00  5.50  19.0  0.25 1 2 11.00 12.00   .     .     .    .  .    
143 4 0 1 0 1 0 0 0 0  3  0.00 30.00  3.00  5.37  26.0  0.25 1  15.0 2 10.50 11.50  0.95  0.95  1.06  2  2 2 4 121692  2   .     .     .     .      .    .   . .   .     .     .     .     .    .  .    
144 4 0 1 0 1 0 0 0 0  2 10.00 30.00  3.00  5.05  26.0  0.15 1   0.0 2 10.50 12.50  0.91  0.85  1.06  2  2 1 1 111792  1  4.00 37.00  3.00  5.05  26.0  0.35 1 2 10.50 12.50  0.94  0.94  1.26  2  2    
145 1 0 1 0 0 1 0 0 0  0  5.00 17.00  3.00  5.00  13.0  0.15 1   0.0 2  7.00 16.00  1.06  0.95  0.95  3  2 1 1 111092  . 10.00  8.00  4.00  5.28  26.0  0.13 1 2  7.00 16.00  1.05  0.96  0.95  3  2    
147 1 0 1 0 0 1 0 0 0  0  8.50  6.50  3.00  5.12   8.0  0.25 0 100.0 2  7.00 14.00  1.12  0.89  0.95  2  2 1 1 111892  1  6.00  0.00  3.00  5.25  13.0  0.38 0 2  7.00 14.00  1.13  0.91  0.91  2  2    
148 1 0 1 0 0 1 0 0 0  4  4.50 30.00  4.00  5.25  26.0  0.17 1   0.0 2  7.00 17.00  1.06  0.95  0.95  3  2 1 1 111092  .  7.50 30.00  4.00  5.05  26.0  0.20 1 2  7.00 17.00  1.05  0.94  0.94  3  3    
151 1 0 1 0 0 1 0 0 0  0  1.00 12.00  3.00  5.00  12.0  0.10 0  92.0 2  7.00 15.00  1.09  0.81  1.04  3  3 2 3 123092  2  0.00  0.00  0.00   .      .    .   . .   .     .     .     .     .    .  .    
152 1 0 1 0 0 1 0 0 0  0 35.00 15.00  4.00  5.12   9.0  0.67 1  10.0 1  7.00 15.00  1.17  0.95  1.02  3  2 1 1 111092  . 12.00 13.50  5.00  5.05  13.0  0.28 0 2  7.00 15.00  1.16  0.94  0.94  3  3    
157 2 0 1 0 0 1 0 0 0  0 10.00  5.00  3.00  5.00  26.0  0.25 0   0.0 1 10.50 12.00  0.91  0.85  2.34  3  3 1 1 111792  2 12.00  8.00  2.00  5.50  26.0  0.25 0 1 10.50 11.00  0.95  0.83  2.47  2  2    
161 3 1 1 0 0 1 0 0 0  0  8.00 25.00  4.00  5.00  19.0  0.15 0   2.0 2  6.00 17.00  1.12  1.02  1.06  7  3 1 1 111992  4 26.00 12.00  4.00  5.05    .    .   0 2  6.00 17.00  1.11  1.06  1.05  7  5    
163 3 1 1 0 0 1 0 0 0  0 12.00 18.00  3.00  5.00  13.0  0.15 0  11.0 2  6.00 16.50  1.20  1.07  1.06  3  3 1 1 111292  .  1.50 33.00  3.00  5.05  26.0  0.15 0 2  7.00 15.00   .     .     .    .  .    
164 3 1 1 0 0 1 0 0 0  0  4.00 30.00  4.00  5.00  26.0  0.10 0   3.0 2  5.00 19.00  1.12  1.02  1.06  5  3 1 1 111292  .  5.00 15.00  3.00  5.05  52.0  0.15 0 2  6.00 17.00  1.11  1.06  1.05  5  3    
165 4 0 1 0 0 1 0 0 0  1 20.00 10.00  3.00  5.00  15.0  0.27 1  60.0 2 10.50 12.50  1.06  0.89  1.06  3  2 1 1 111792  1 10.00 17.00  4.00  5.05  14.0  0.13 0 2 10.50 12.50  1.05  0.98  1.05  2  2    
169 1 1 1 0 0 1 0 0 0  0 12.00 33.00  4.00  5.00  13.0  0.25 0  50.0 2  7.00 16.00  1.10  0.94  1.04  3  3 1 1 111692  . 20.00  6.00  4.00  5.05  52.0  0.15 0 2  7.00 16.00  1.11  1.05  1.05  3  3    
170 1 1 1 0 0 1 0 0 0  1 10.00 20.00  3.00  5.00  52.0  0.52 0   0.0 2  7.00 16.00  1.10  1.02  1.08  3  2 1 1 111092  . 20.00 20.00  4.00  5.05   4.0   .   0 1  7.00 16.00  1.29  1.11  1.18  4  4    
187 3 0 1 0 0 1 0 0 1  0  4.00 20.00  3.00  5.62  26.0  0.52 0   2.0 2  7.00 15.00  1.12  1.09  1.06  4  3 1 1 111292  .  5.00 17.50  3.00  5.05  13.0  0.20 0 2  7.00 15.00  1.11  1.06  1.05  4  4    
190 3 1 1 0 0 1 0 0 0  0  5.00 42.00  4.00  5.00  26.0  0.12 1    .  2  6.00 16.00  1.02  1.07  1.06  5  . 1 1 111292  .  7.00 30.00  4.00  5.05  26.0  0.18 0 2  7.00 15.00  1.05  1.01  1.74  5  3    
196 4 1 1 0 0 1 0 0 0  0  8.00 19.00  4.00  5.00  26.0  0.20 0    .  2 10.50 11.50  0.95  0.85  1.06  2  2 1 1 111392  .  0.00 30.00  3.00  5.05  26.0  0.18 0 2 10.50 12.50  1.00  0.90  2.11  2  2    
197 1 0 1 0 0 1 0 0 0  0 23.00 10.00  4.00  5.00  26.0  0.25 0  50.0 2  7.00 17.00  0.99  0.89  0.89  3  2 1 1 111792  1  5.00 21.00  5.00  5.05  26.0  0.13 0 3  7.00 17.00  1.05  0.95  0.95  3  1    
234 1 0 1 0 0 1 0 0 0  2  0.00 10.00  3.00  5.00  26.0   .   0   0.0 2  7.00 16.00  1.12   .    0.49  2  2 1 1 111892  2 10.00  4.00  3.00  5.05  26.0   .   0 2  7.00 16.00  1.04  1.01  0.58  3  2    
240 3 1 1 0 0 1 0 0 0  0 15.00 35.00  3.00  5.10  26.0  0.25 0  20.0 2  6.00 17.00  1.18  1.02  1.06  6  4 1 1 111692  1 15.00 15.00  3.00  5.05  26.0  0.15 0 2  6.00 17.00  1.10  1.00  1.05  6  4    
241 3 0 1 0 0 1 0 0 0  2 15.00 25.00  4.00  5.00  13.0  0.37 1  30.0 2  7.00 16.00  1.12  1.02  1.06  5  5 1 1 111192  1 15.00   .    4.00  5.05  26.0  0.10 0 2  7.00 16.00  1.15  1.05  1.05  5  5    
242 3 1 1 0 0 1 0 0 0  0 25.00 10.00  3.00  5.25  13.0  0.25 1   0.0 2  6.00 17.00  1.10  1.02  1.06  5  4 1 1 111192  . 12.00 10.00  3.00  5.05   8.0  0.20 1 2  7.00 16.00  1.11  1.06  1.05  6  4    
245 3 0 1 0 0 1 0 0 0  3 15.00  8.00  3.00  5.50    .    .   0   0.0 1  8.50 13.50  1.20  1.02  1.02  4  2 1 1 111792  3  8.00 12.00  4.00  5.05  26.0   .   0 1  8.50 13.00  1.11  1.11  1.05  5  1    
259 1 0 1 1 0 0 0 0 0  0 13.00 12.00  4.00  5.00   4.0  0.25 0  50.0 2  7.50 14.50  1.02  0.85  0.85  3  3 1 1 110992  . 15.00 15.00  4.00  5.05    .    .   0 2  7.50 14.50  1.05   .    0.84  3  3    
268 1 1 1 1 0 0 0 0 0  1 10.00 18.00  4.00  5.00  26.0  0.17 1   0.0 2  7.00 15.00  1.02  0.85  0.85  5  4 1 1 110992  .  0.00 42.50  2.00  5.05  26.0  0.25 1 2  7.00 15.00  0.94  0.78  0.84  4  4    
271 2 1 1 1 0 0 0 0 0  3  0.00 13.00  2.00  5.00  13.0  0.10 0  38.0 2 11.00 11.00  1.02  0.79  2.34  4  2 1 1 111792  1  0.00 15.00  3.00  5.05   8.0  0.10 0 2 11.00 12.00  0.90  0.73  2.28  4  3    
272 2 1 1 1 0 0 0 0 0  4  4.00 11.00  3.00  5.05   4.0  0.20 0   0.0 1 11.00 11.00  0.95  0.74  2.34  4  2 1 1 111492  1  2.00 14.00  3.00  5.25  26.0  0.20 0 2 11.00 12.00  0.94  0.73  2.32  4  3    
274 2 1 1 1 0 0 0 0 0  0  0.00 15.00  2.00  5.50  26.0  0.12 0  27.0 2 11.00 10.00  0.91  0.74  2.34  4  3 1 1 111392  .  3.00  7.00  3.00  5.05  26.0  0.20 0 1 11.00 11.00   .     .    2.32  .  .    
276 2 1 1 1 0 0 0 0 0  3  5.00 10.00  3.00  5.00  26.0  0.25 0   0.0 2 11.00 10.50  0.95  0.74  2.19  4  3 1 1 111392  .  5.00 15.00  3.00  5.05  26.0  0.28 0 3 11.00 12.00  0.95  0.73  2.32  5  3    
296 1 1 1 0 0 1 0 0 0  0  5.00 16.00  4.00  5.30  26.0  0.25 0  50.0 2  7.00 16.00  1.06  0.95  1.01  3  3 1 1 111892  3  4.00  9.00  6.00  5.05  13.0   .   0 2  7.00 16.00  1.05  0.94  1.00  3  2    
299 2 1 1 0 0 1 0 0 0  0  3.00  8.00  2.00  5.00  26.0   .   0   0.0 1 10.50 11.50  1.06  0.85  2.34  3  2 1 1 111792  1  6.00 12.00  2.00  5.05  13.0  0.25 0 1 11.00 11.50  1.05  0.84  2.32  3  2    
301 2 1 1 0 0 1 0 0 0  4  8.00 12.00  5.00  5.00  11.0  0.36 1   0.0 3 11.00 10.50  1.06  0.85  2.34  3  1 1 1 111492  1  2.00  7.00  1.00  5.05   4.0  0.50 0 2 11.00 10.50  0.94  0.84  2.32  3  2    
320 2 0 1 1 0 0 0 0 1  0  5.00  9.00  2.00  5.00  13.0  0.12 1   0.0 2 11.00 12.00  1.12  0.80  2.45  4  4 1 1 111392  .  4.00  6.00  3.00  5.05    .    .   0 1 11.00 11.00  1.05  0.84  2.43  4  3    
321 2 0 1 1 0 0 0 0 1  0  3.00 14.00  3.00  5.00    .   0.25 0  10.0 2 10.50 12.50  1.12  0.85  2.45  4  2 1 1 111492  2  4.00 11.00  2.00  5.05  13.0  0.15 0 1 11.00 12.00  1.05  0.84  2.43  4  3    
324 3 0 1 1 0 0 0 0 0  2 20.00 46.00  5.00  5.25  26.0  0.20 0   0.0 2  0.00 24.00  1.18  1.06   .    5  2 2 1 121892  4 22.00 39.00  5.00  5.05  52.0  0.25 1 2  0.00 24.00  1.22  1.05  1.05  5  2    
326 3 1 1 1 0 0 0 0 1  3 18.00 45.00  5.00  5.15  11.0  0.15 0   7.0 2  0.00 24.00  1.26  0.99   .    4  3 1 1 111892  1  0.00 45.00  4.00  5.05    .    .   0 2  0.00 24.00  1.22   .    1.05  4  2    
330 4 0 1 1 0 0 0 0 1  0  4.00 16.00  3.00  5.42  13.0  0.12 1   0.0 1 10.50 15.50  1.01  0.86  0.95  2  2 1 1 111392  .  3.00 20.00  3.00  5.67  52.0  0.25 0 1 10.50 14.50  0.94  0.79  1.26  2  2    
334 1 0 1 1 0 0 0 0 0  0 10.00 10.00  3.00  5.00   4.0  0.17 0   0.0 3  9.00 12.50  0.91  0.91  0.91  3  3 1 1 110992  .  0.00 20.00  3.00  5.05  26.0  0.18 . 3  9.00 12.50  0.90  0.90  0.85  3  2    
349 3 1 1 1 0 0 0 0 0  1  2.50 27.00  5.00  5.00   6.0  0.15 0  10.0 2  6.00 16.00  1.12  0.91  0.95  3  3 1 1 111192  .  0.00 20.00  4.00  5.05   4.0  0.18 0 2  7.00 15.00  1.01  1.01  0.94  3  3    
354 4 0 1 1 0 0 0 0 0  3 14.00  7.00  3.00  5.06   4.0  0.25 1  10.0 1 10.50 10.50  0.95  0.86  0.95  2  2 1 1 111392  .  9.00  7.00  3.00  5.05  13.0  0.23 0 1 10.50 10.50  1.00  0.85  0.94  2  2    
356 4 0 1 1 0 0 0 0 0  3 11.50 10.00  4.00  5.05  13.0   .   1   0.0 1 10.50 11.50  0.95  0.80  1.06  2  2 1 1 111492  .  0.00 28.00  4.00  5.05  17.0  0.15 1 1 10.50 11.50  1.00  0.85  1.05  2  2    
357 4 0 1 0 0 1 0 0 0  1  4.50 20.00  3.00  5.00  16.0  0.20 0 100.0 1 10.50 11.50  0.95  0.86  0.95  2  2 1 1 111392  . 21.00  6.00  3.00  5.25  13.0  0.25 0 1 10.50 12.50  1.00  0.84  2.35  2  2    
371 1 0 1 0 0 1 0 0 0  0 12.00 23.00  4.00  5.00  13.0  0.15 0 100.0 2  7.00 16.00  1.06  1.02  0.95  3  3 1 1 110792  . 11.00 22.00  5.00  5.25  26.0   .   0 3  7.00 16.00   .     .     .    4  2    
373 1 1 1 0 0 1 0 0 0  0 14.00 12.00  4.00  5.00   4.0  0.25 0 100.0 2  6.50 15.50  1.01  0.95  1.03  6  3 1 1 110792  . 18.00 15.00  4.00  5.05  13.0  0.25 1 2  6.50 15.50  1.10  0.94  1.02  6  5    
375 1 0 1 0 0 1 0 0 0  3 25.00 10.00  4.00  5.25  26.0  0.25 1   0.0 1  7.00 15.00  1.02  0.80   .    4  2 1 1 111692  1  0.00 25.00  4.00  5.50  26.0  0.10 1 1  7.00 15.00  1.05  0.94  1.01  3  3    
378 1 1 1 0 0 1 0 0 0  4 10.00  8.00  4.00  5.00  52.0  0.10 0    .  2  6.50 18.50  1.10  0.96  1.10  5  5 1 1 110792  . 20.00 15.00  4.00  5.05  52.0  0.25 1 2  6.00 19.00  1.05  0.99  1.03  6  4    
381 1 0 1 0 0 1 0 0 0  0 10.00 20.00  4.00  5.00  13.0  0.50 1   0.0 2  6.50 16.50  1.27  1.17  1.10  4  2 1 1 111692  . 15.00 15.00  5.00  5.05   8.0  0.47 1 2  6.50 16.50  1.37  1.16  1.16  4  2    
403 3 1 1 0 0 1 0 0 0  2 13.00 31.00   .    5.05  26.0  0.15 0  10.0 2  6.00 18.00  1.09  1.12  1.06  5  4 1 1 111892  3 11.00 23.00  3.00  5.05  13.0   .   1 2  7.00 16.00  1.11  1.06  1.05  4  4    
406 4 1 1 0 0 1 0 0 0  0 12.00 35.00  4.00  5.00    .   0.32 0   0.0 1 10.50 11.50  1.02   .    2.14  2  2 1 1 111392  . 17.00 22.00  4.00  5.50  13.0   .   . 1 10.50 12.50  0.84  0.94  1.99  2  2    
407 4 1 1 0 0 1 0 0 0  2  5.00 10.00  2.00  5.75  26.0  0.15 1   0.0 2 11.00 10.50  1.17  1.17  1.38  1  1 1 1 111392  .  8.00  7.00  3.00  5.50  26.0  0.15 0 2 11.00 10.50  1.05  1.16  2.32  1  1    
409 1 0 1 0 0 1 0 0 0  0  3.00 60.00  2.00  5.00  39.0   .   0   0.0 1  7.00 15.00  1.19  0.87  0.95  3  3 1 1 111792  2  0.00 15.00  3.00  5.05    .    .   0 1  7.00 15.00  1.09  1.04  1.01  3  3    
  1 1 0 1 0 1 0 0 0 0  0 16.00 30.00  4.00  4.50    .   0.25 0  80.0 3  7.00 16.00  0.93  0.83  0.85  4  3 1 1 110592  . 20.00 40.00  4.00  5.05    .    .   0 2  7.00 16.00  1.05  0.79  0.90  4  3    
  2 1 0 1 0 1 0 0 0 0  0 10.00  6.00  3.00  4.75  26.0  0.50 1  80.0 1  7.00 14.00  1.06  0.91  0.96  2  2 1 1 110592  .  7.50 10.00  3.00  5.25  19.0  0.38 1 1  7.00 15.00  1.05  1.01  0.94  2  2    
  3 2 0 1 0 1 0 0 0 0  3  6.00 13.00  3.00  4.25  13.0  0.25 1  50.0 2 11.00 10.00  1.06  0.95  3.09  5  3 1 1 111792  2  4.00  7.00  3.00  5.05  26.0  0.25 0 1 11.00 11.00  1.05  0.94  2.75  5  3    
  4 3 0 1 0 1 0 0 0 0  0 10.00 12.00  3.00  4.75   4.0  0.25 0  50.0 2  9.00 12.50  1.06  1.00  2.13  8  4 1 1 110592  .  5.00 30.00  4.00  5.05  26.0  0.28 0 2  8.00 13.50  1.22  1.37  0.89  6  4    
  5 3 0 1 0 1 0 0 0 0  0  5.00 30.00  4.00  4.50  13.0  0.17 0    .  1  6.00 17.00  0.95   .    2.13  5  4 1 1 111892  2 10.00 30.00  4.00  5.15   4.0  0.18 0 2  6.00 17.00  1.05  0.94  0.94  5  5    
  8 4 0 1 0 1 0 0 0 0  0   .   25.00  4.00  4.80    .   0.15 0    .  1 10.50 12.00  1.02  0.91  2.28  2  1 1 1 110592  . 15.00 25.00  3.00  5.05  26.0  0.33 0 2 10.00 13.00  1.01  1.01  0.94  2  2    
  9 1 0 1 0 1 0 0 0 0  2 12.00 40.00  4.00  4.37  26.0  0.15 0  35.0 2  7.00 16.00  1.04  0.67  0.85  4  4 1 1 110592  .  0.00 32.00  4.00  5.05  26.0  0.13 0 2  7.00 16.00  1.11  0.92  1.01  4  3    
 10 1 0 1 0 1 0 0 0 0  0 15.00 20.00  4.00  4.25  39.0  0.17 0  80.0 2  7.00 16.00  1.04  0.85  0.85  3  3 1 1 110592  . 15.00 15.00  4.00  5.05   4.0  0.28 0 2  7.00 16.00  0.94  0.87  0.94  3  2    
 11 1 0 1 0 1 0 0 0 0  2 10.00 30.00  4.00  4.25  26.0  0.10 0  80.0 2  7.00 16.00  1.09  0.89  0.91  3  3 1 1 111792  1 12.00 24.00  3.00  5.05    .    .   0 2  7.00 16.00  1.05  0.87  0.94  3  2    
 12 1 0 1 0 1 0 0 0 0  0  6.50 23.50  3.00  4.37   9.0  0.10 0 100.0 2  7.00 16.00  1.05  0.79  0.91  3  3 1 1 111892  3 15.00 15.00  4.00  5.05  26.0  0.25 0 3  7.00 16.00  1.01  0.92  0.94  3  2    
 13 2 0 1 0 1 0 0 0 0  0  0.00 25.00  3.00  4.50   7.0  0.25 0 100.0 2 11.00 10.00  1.06  0.95  2.66  5  4 1 1 111792  1  2.00 11.00  3.00  5.00  13.0  0.25 0 1 11.00 11.00  1.01  0.94  2.75  4  3    
 15 3 0 1 0 1 0 0 0 0  3  3.00 25.00  4.00  4.60   9.0  0.15 1  95.0 2  6.00 17.00  1.02  0.98  0.95  5  4 2 1 121092  5  5.00 20.00  3.00  5.05    .   0.25 0 2  6.00 17.00  1.05  1.01  2.00  3  3    
 16 3 0 1 0 1 0 0 0 0  0  6.00 22.00  4.00  4.50  13.0  0.25 0  50.0 2  6.00 17.00  1.00  1.00   .    5  5 1 1 110592  .  7.00 17.00  3.00  5.05  19.0  0.25 0 2  6.00 17.00  1.05  1.01  0.94  5  5    
 17 3 0 1 0 1 0 0 0 0  0  0.00 20.00  4.00  4.37  13.0  0.25 0  60.0 2  6.00 17.00  1.06  1.00  2.02  6  5 1 1 111692  1  4.00 35.00  4.00  5.05  13.0  0.20 0 2  6.00 17.00  1.05  0.94  0.95  6  5    
 18 3 0 1 0 1 0 0 0 0  2 15.00 25.00  3.00  4.25  13.0   .   0  50.0 2  6.00 17.00   .     .     .    4  4 1 1 110592  .  8.00 38.00  5.00  5.05    .   0.25 1 2  6.00 17.00  1.05  1.00  0.63  7  7    
 19 1 0 1 1 0 0 0 0 0  3  4.00 31.00  4.00  4.25   4.0  0.25 0  50.0 2  6.00 16.00  1.05  0.91  0.93  3  3 1 1 110592  .  6.00 44.00  5.00  5.05  52.0  0.30 0 2  6.00 16.00  1.04  0.93  0.95  2  2    
 21 2 0 1 1 0 0 0 0 0  0  5.00 12.00  3.00  4.45   6.0  0.10 0  90.0 2 10.50 10.50  1.06  0.80  2.13  3  3 1 1 111492  1  0.00 11.00  2.00  5.05    .    .   0 2 11.00 10.00  0.94  0.94  2.43  3  3    
 22 3 0 1 1 0 0 0 0 0  2  3.00 15.00  4.00  4.35  26.0  0.12 0  90.0 2  7.00 16.00  1.06  0.84  0.95  4  1 1 1 110592  .  3.00 15.00  2.00  5.05  19.0  0.13 0 2  7.00 15.00  1.05  1.05  0.94  4  4    
 23 1 0 1 0 0 1 0 0 0  2  0.00 25.00  3.00  4.50  26.0  0.12 0  75.0 2  7.00 16.00  1.06  0.95  0.95  3  2 1 1 111792  1 14.00 14.00  3.00  5.05    .    .   0 1  6.50 16.50  1.05  0.94  0.94  3  2    
 24 1 0 1 0 1 0 0 0 0  2 15.00 15.00  4.00  4.75  13.0  0.25 1  40.0 2  7.00 16.00  1.06  0.95  1.01  4  3 2 1 122192  3 15.00 20.00  4.00  5.05  52.0  0.15 0 2   .     .    1.05  0.94  1.00  4  3    
 28 2 0 1 0 0 1 0 0 0  6  0.00 14.00  1.00  4.50    .   0.25 0  10.0 2 11.00 10.00  1.06  1.17  2.56  2  1 1 1 111892  3  6.00  2.00  3.00   .      .    .   0 1 11.00 10.00   .    1.05  2.64  3  2    
 29 2 0 1 0 0 1 0 0 0  3  0.00  7.00  2.00  4.50   4.0  0.25 0    .  2 11.00 11.00  1.06  1.01  2.56  3  2 1 1 111292  .  0.00 13.00  3.00  5.05  26.0  0.25 0 1 11.00 11.00  1.05  1.05  2.64  3  3    
 32 3 0 1 0 0 1 0 0 0  0 10.00 20.50  3.00  4.50  26.0  0.25 0  40.0 2 10.50 11.50  1.12  1.02  1.06  4  3 1 1 111792  1  2.00 25.00  3.00  5.05  26.0  0.23 0 2 10.50 11.50  1.22  1.11  2.28  4  4    
 34 3 1 1 0 0 1 0 0 0  0  5.00 15.00  3.00  4.95  26.0   .   0  75.0 2 10.50 11.50  1.12  1.02  1.06  5  3 1 1 111392  . 11.00  7.00  3.00  5.05  26.0  0.50 0 2 10.50 11.50  1.22  1.11  0.73  5  2    
 35 4 0 1 0 0 1 0 0 0  2 25.00  6.50  4.00  4.50   9.0  0.25 1    .  2 10.50 11.50  0.96  0.95  2.13  2  2 1 1 111992  6 13.00 18.00  3.00  5.05  13.0  0.25 0 2 10.50 11.50  1.03   .     .    2  2    
 38 1 0 1 0 1 0 0 0 0  0 15.00 20.00  5.00  4.25  17.0  0.15 0 100.0 2  6.00 17.00  1.05  0.95  0.98  3  2 1 1 111092  . 10.00 20.00  6.00  5.05    .   0.25 0 3  6.50 17.50  0.98  0.82  0.76  3  2    
 63 1 1 1 0 0 1 0 0 0  1 26.00  6.00   .    4.25  26.0   .   0  75.0 2  6.00 18.00  1.10  0.97  1.17  4  3 1 1 111792  1 15.00 10.00  4.00  5.05  26.0  0.10 0 2  7.00 18.00  1.11  1.01  1.09  4  3    
 64 1 0 1 0 0 1 0 0 0  1 20.00 15.00  3.00  4.50  26.0  0.20 0  60.0 3  7.00 16.00  1.06  0.95  0.95  3  2 1 1 111092  . 13.00 13.00  3.00  5.05  26.0  0.25 0 2  7.00 16.00  1.05  0.95  0.95  3  3    
 65 1 0 1 0 0 1 0 0 0  5  0.00 20.00  4.00  4.80  52.0  0.25 0  90.0 2  6.50 15.50  1.06  0.85  1.11  3  3 2 2 121592  3   .     .    3.00  5.05    .    .   . .   .     .     .     .     .    .  .    
 66 1 0 1 0 0 1 0 0 0  0 15.00 18.00  3.00  4.25  26.0  0.15 0  20.0 2  7.00 17.00  1.06  0.95  0.95  3  2 1 1 111092  . 26.00 10.00  4.00  5.05  26.0  0.25 1 1  7.00 17.00  1.05  0.95  0.95  3  3    
 67 1 0 1 0 0 1 0 0 0  0  5.00 15.00  6.00  4.50  13.0  0.25 0  55.0 1  8.00 13.50  1.17  1.06  1.17  3  2 1 1 111092  .  4.00 17.50  5.00  5.05    .    .   0 1  8.00 13.50  1.32  1.05  1.22  3  3    
 68 1 0 1 0 0 1 0 0 0  1 30.00 10.00  3.00  4.25  14.0  0.05 0    .  3  7.00 17.00  1.07  1.02  1.02  3  3 1 1 111092  . 13.00 17.00  3.00  5.05  13.0  0.28 0 3  7.00 17.00  1.05  0.95  0.95  3  1    
 69 1 0 1 0 0 1 0 0 0  0  0.00 27.00  3.00  4.25  13.0  0.22 0 100.0 2  7.00 18.00  1.17  0.95  0.95  4  2 1 1 111792  .  0.00 27.00  3.00  5.05  13.0  0.20 0 2  7.00 18.00  1.26  1.01  1.00  4  2    
 70 1 0 1 0 0 1 0 0 0  0 35.00 20.00  5.00  4.50  13.0  0.27 0  50.0 1  7.00 16.00  1.06  0.95  1.02  3  3 1 1 111092  . 10.00 30.00  5.00  5.05   4.0  0.23 . 1  7.00 16.00  1.05  0.95  1.01  3  3    
 71 1 0 1 0 0 1 0 0 0  1  0.00 35.00  3.00  4.75  13.0  0.25 0 100.0 3  7.00 17.00  1.06  0.95  0.95  3  2 1 1 111692  . 29.00 14.00  3.00  5.05  26.0  0.18 1 3  7.00 17.00  1.05  0.95  0.95  3  2    
 73 2 0 1 0 0 1 0 0 0  1  0.00  7.00  3.00  4.25    .   0.75 0  40.0 3 11.00 12.00  1.06  1.06  2.45  3  2 1 1 111792  2 14.00  0.00  3.00  5.05   4.0  0.05 0 2 11.00 11.00  1.05  1.05  2.43  3  .    
 75 2 0 1 0 0 1 0 0 0  0  3.00 15.00  3.00  4.25   4.0  0.25 0   0.0 2 11.00 11.00  1.17  1.27  2.77  3  3 1 1 111292  .  4.00 11.00  3.00  5.05   6.0  0.25 1 2 11.00 11.00  1.16  1.16  2.75  3  3    
 76 3 1 1 0 0 1 0 0 0  0  8.00 32.00  4.00  4.25  26.0  0.20 0  50.0 2  6.00 17.00  1.12  1.02  1.02  6  3 1 1 111392  . 25.00 15.00  6.00  5.05  13.0  0.15 1 2  6.50 16.50  1.11  1.06  1.05  6  3    
 79 3 1 1 0 0 1 0 0 0  4  6.00 25.00  3.00  4.50  26.0  0.15 0  30.0 2  6.00 17.00  1.17  1.02  1.06  5  4 1 1 111392  .  8.00 18.00  3.00  5.05  41.0  0.13 0 2  7.00 16.00  1.11  1.06  1.05  5  4    
 80 4 0 1 0 0 1 0 0 0  1  4.50 20.00   .    4.25  26.0  0.25 0  90.0 2 10.50 11.50  1.06  0.98  1.06  2  2 1 1 111492  2 11.00 14.00  3.00  5.05  13.0  0.10 0 2 10.50 12.50  1.12  0.98  0.99  2  1    
 84 1 0 1 0 1 0 0 0 0  3  4.00 30.00  5.00  4.50  26.0  0.15 0  50.0 2  7.00 16.00  1.04  0.85  0.91  4  2 1 1 111692  . 12.00 30.00  5.00  5.05  52.0  0.20 0 2  7.00 16.00  1.05  0.90  0.94  3  3    
 86 1 0 1 0 1 0 0 0 0  1 11.00 11.00  4.00  4.25  13.0  0.25 0    .  3  7.00 15.00  1.06  0.94  1.10  3  3 1 1 111092  .  9.00 12.00  4.00  5.05   4.0  0.13 0 3  7.00 15.00  1.05  1.05  1.04  3  3    
 87 1 0 1 0 1 0 0 0 1  0  0.00 15.00   .    4.50  26.0   .   0    .  2  7.00 15.00  1.06  0.86  1.02  3  3 1 1 111092  .  0.00 30.00  5.00  5.05  41.0  0.18 0 3  7.00 15.00  1.00  0.99  1.04  3  3    
 88 1 0 1 1 0 0 0 0 0  0  3.00 35.00  3.00  4.25    .    .   1  75.0 3  7.00 15.00  1.06  0.87  0.91  5  5 2 1 121892  2  4.00 37.00  4.00  5.05  42.0  0.18 0 2  7.00 15.00  1.05  0.87  0.94  5  2    
 91 1 1 1 0 1 0 0 0 1  2  8.00 22.00  4.00  4.25   8.0  0.15 0 100.0 2  7.00 17.00  1.09  0.93  1.04  3  3 1 1 111792  1  0.00 30.00  4.00  5.05  26.0  0.18 0 1  7.00 17.00  1.11  1.05  1.05  3  3    
 92 1 1 1 0 1 0 0 0 1  0  4.00 18.00  4.00  4.25  13.0  0.75 0 100.0 2  7.00 15.00  1.09  0.95  1.03  3  3 1 1 111092  . 14.00  6.00  3.00  5.05    .   0.25 0 2  7.00 15.00  1.11  1.01  1.05  3  3    
 93 1 1 1 0 0 1 0 0 0  0  2.50 30.00  3.00  4.25  52.0  0.15 0  90.0 2  7.00 16.00   .     .    0.96  .  . 1 1 111092  .  5.00 25.00  5.00  5.05  13.0  0.15 0 2  7.00 16.00  1.11  1.05  1.05  4  3    
 95 2 0 1 0 1 0 0 0 0  1 18.00  3.00  4.00  4.25  26.0  0.27 0  40.0 1 11.00 10.00  1.06  0.80  2.56  4  3 1 1 111292  .  0.00 14.00  3.00  5.05  13.0  0.25 0 1 11.00 10.00  1.05  0.75  2.53  3  3    
 96 2 0 1 0 0 1 0 0 0  2  0.00 15.00  2.00  4.25  26.0  0.12 0  80.0 2 11.50 10.00  1.06  1.01  2.66  3  2 1 1 111892  3  0.00 15.00  5.00  5.05  26.0  0.15 0 2 11.50 10.50  1.05  0.94  2.59  4  0    
 97 2 0 1 0 1 0 0 0 0  2  0.00 12.00  4.00  4.25  13.0  0.25 1  58.0 2 11.00 10.00  1.02  0.75  2.56  3  2 1 1 111292  .  2.50 11.00  3.00  5.05  13.0  0.30 0 2 11.00 10.00  1.05  0.80  2.54  3  2    
 98 2 0 1 0 1 0 0 0 1  0  0.00 20.00  4.00  4.25  13.0  0.40 0  80.0 3 11.00 10.00  1.06  0.80  2.56  3  3 1 1 111292  .  3.00 13.00  3.00  5.05  13.0  0.45 0 1 11.00 10.00  1.05  0.90  2.53  3  3    
 99 3 1 1 0 1 0 0 0 1  0 60.00 40.00  5.00  4.75  26.0  0.15 0  50.0 2  0.00 24.00  1.23   .    2.30  8  6 2 1 121892  6 30.00 50.00  4.00  5.05  15.0  0.25 1 2  0.00 24.00  1.22  1.17  2.32  5  2    
101 3 0 1 0 1 0 0 0 1  3  4.50 15.00  3.00  4.75  26.0  0.15 0  80.0 2  7.00 15.00  1.20  1.18  1.06  6  4 1 1 111392  . 10.00 12.00  3.00  5.05  26.0  0.15 0 2  7.00 15.00  1.15  1.10  1.05  8  3    
102 3 0 1 1 0 0 0 0 0  2 12.00 13.00  3.00  4.40  52.0  0.20 0  15.0 2  7.00 16.00  1.06  0.91  1.07  6  4 1 1 111392  .  0.00 27.00  2.00  5.05  52.0  0.25 0 2  7.00 15.00  1.07  1.01  1.05  5  5    
104 4 0 1 0 1 0 0 0 1  0 40.00 20.00  3.00  4.62   4.0  0.32 1  50.0 2 10.50 11.50  0.95  0.84  0.94  2  2 1 1 111492  1 11.00 10.00  3.00  5.05  26.0  0.08 1 2 10.50 12.50  1.00  0.84  0.94  2  2    
105 1 0 1 0 0 1 0 0 0  2  0.00 40.00  4.00  4.25  10.0   .   0  50.0 2  6.50 16.50  0.96  1.00  1.03  4  2 1 1 111092  .  0.00 45.00  4.00  5.05  13.0  0.25 0 2  6.50 16.50  1.05  0.99  1.16  4  3    
106 1 0 1 0 0 1 0 0 0  0  0.00 35.00  3.00  4.25  26.0  0.27 0  65.0 3  7.00 16.00  1.06  0.95  0.95  2  1 1 1 111092  .  2.00 25.00  3.00  5.05  26.0  0.20 0 0  7.00 16.00  1.05  0.95  0.95  2  2    
107 1 1 1 0 0 1 0 0 0  0  6.00 11.00  3.00  4.25   8.0  0.32 0  40.0 1  8.00 14.50  1.17  0.95  0.95  3  3 2 1 123092  9 13.50 10.00  2.00  5.05    .    .   0 1  8.00 14.00   .    1.01  1.00  4  2    
108 1 0 1 0 0 1 0 0 0  2 13.50 15.00  4.00  4.25  26.0  0.37 1   6.0 1  7.00 17.00  1.27  1.01  1.06  3  3 1 1 111692  . 11.00 24.00  5.00  5.05  26.0  0.15 0 1  7.00 17.00  1.37  1.02  1.05  3  3    
111 3 0 1 0 0 1 0 0 0  0 17.00 14.00  3.00  4.25   2.0  0.42 0  55.0 3  7.00 16.00  1.17  1.06  1.01  5  5 1 1 111892  1 20.00 14.50  3.00  5.05  26.0   .   0 2  7.00 16.00  1.16  1.16  1.00  5  4    
114 1 0 1 0 1 0 0 0 0  2  0.00 35.00  5.00  4.75  26.0  0.57 1  50.0 2  7.00 16.00  1.07  0.95  0.95  3  . 1 1 111792  1 20.00 40.00  4.00  5.25  26.0  0.25 0 2  6.50 16.50  1.11  0.94  0.94  3  3    
115 1 0 1 0 1 0 0 0 0  0 20.00 25.00  4.00  4.75   4.0  0.30 0  25.0 1  7.00 17.00  1.06  0.95  1.06  4  3 1 1 111092  .  6.00 15.00  4.00  5.05    .    .   . 1  7.00 17.00  1.05  0.95  1.01  4  4    
116 1 0 1 0 1 0 0 0 0  0  4.00 22.50  2.00  4.25  18.0  0.37 0  90.0 2  8.50 13.00  1.49  1.02  1.11  7  3 1 1 111092  . 22.00 12.00  3.00  5.05  13.0  0.45 1 2  8.50 13.00  1.39  0.95  1.21  8  2    
118 1 0 1 0 0 1 0 0 0  3 10.00 15.00  4.00  4.25  26.0  0.15 0  70.0 2  7.00 15.00  1.06  0.95  1.01  4  2 1 1 111692  . 18.00 20.00  3.00  5.05  26.0  0.38 0 2  7.00 15.00  1.05  0.94  1.00  4  2    
119 1 0 1 0 0 1 0 0 0  2 12.00 19.00  3.00  4.75  13.0  0.27 1  50.0 3  6.50 16.50  1.06  0.91  0.95  3  3 1 1 111692  1 18.00 13.00  4.00  5.05  26.0   .   0 3  6.50 17.50  1.05  0.89  0.95  3  3    
120 1 1 1 0 1 0 0 0 0  3  0.00 32.00  3.00  4.50    .    .   0    .  2  7.00 16.00  1.13  0.98  1.04  3  2 1 1 111992  3  0.00 30.00  4.00  5.05    .    .   0 2  7.00 16.00  1.05  1.05  1.05  3  2    
122 1 0 1 0 0 1 0 0 0  0  1.00 38.00  5.00  4.25   4.0  0.20 0  70.0 1  9.00 12.50   .    1.12  1.12  5  3 1 1 111092  . 10.00 50.00  6.00  5.05  26.0  0.10 0 1  9.00 12.50  1.15  0.94  1.15  6  4    
124 1 0 1 0 1 0 0 0 0  1  8.00 10.00  3.00  4.25  13.0  0.25 0  14.0 2  8.00 15.00  1.06  0.91  1.04  2  2 1 1 111092  . 21.00  6.00  4.00  5.05  13.0  0.50 1 3  7.00 15.00  1.16  0.94  1.12  2  2    
125 2 0 1 0 1 0 0 0 0  0 15.00  0.00  4.00  4.50  26.0  0.25 0 100.0 1 10.00 12.50  0.91  0.85  2.34  3  2 1 1 111492  .  0.00 15.00  2.00  5.05  52.0  0.40 0 1 10.00 12.00  1.01  1.01  2.49  4  3    
130 3 1 1 0 1 0 0 0 0  2  7.00 25.50  3.00  4.50  19.0  0.30 0  15.0 2  5.00 18.00  1.12  1.07  1.00  4  3 2 1 122192  6  2.00 38.00  4.00  5.05   4.0  0.15 0 2  7.00 16.00  1.11  1.06  1.05  5  3    
132 3 1 1 0 1 0 0 0 0  0 20.00 20.00  5.00  4.50  26.0  0.25 0  80.0 2  0.00 24.00  1.28  1.06  2.30  5  3 1 1 111692  . 15.00 20.00  3.00  5.50  52.0  0.25 0 2  7.00 14.00   .     .     .    2  2    
133 3 1 1 0 1 0 0 0 0  0  6.00 16.00  2.00  4.75  26.0   .   0  99.0 2  6.00 17.00  1.12  1.07  1.06  4  3 1 1 111392  .  3.00 20.00  3.00  5.05  26.0   .   0 2  7.00 15.00  1.11  1.06  2.11  5  3    
134 3 0 1 0 1 0 0 0 0  2  5.50 25.00  3.00  4.62    .    .   0  42.0 2  6.00 16.00  1.09   .    0.95  4  3 1 1 111392  .  6.00 27.50  3.00  5.05  52.0  0.25 0 2  6.00 16.00  1.11  1.06  0.94  4  3    
136 3 1 1 0 1 0 0 0 0  2 14.50 14.50  5.00  4.25  21.0  0.27 0   5.0 2  6.00 17.00  1.12  1.07  1.10  5  4 2 0 121692  3   .     .     .     .      .    .   . .  7.00 16.00   .     .     .    .  .    
137 3 1 1 0 0 1 0 0 0  3 15.00 25.00  3.00  4.25  26.0  0.15 0  50.0 2  6.00 16.00  1.12  1.06  1.02  6  4 1 1 111692  1 12.00 30.00  5.00  5.05  26.0  0.25 0 2  7.00 15.00  1.11  1.11  1.05  5  3    
140 4 0 1 0 1 0 0 0 0  0  0.00 40.00  3.00  4.50  26.0  0.37 1  25.0 2 10.50 11.50  0.91  0.86  1.06  2  2 1 1 111492  .  5.00 35.00  5.00  5.67   4.0  0.25 1 2 10.50 11.50  1.00  0.94  1.05  2  2    
141 4 0 1 0 1 0 0 0 0  0 10.00 15.00  4.00  4.75  13.0  0.27 1    .  2 10.50 12.50  1.02  0.91  1.06  2  2 1 1 111892  2 10.00 25.00  3.00  5.05  13.0  0.18 1 2 10.50 12.50  1.05  0.84  1.34  2  2    
142 4 0 1 0 0 1 0 0 0  0 15.00 35.00  4.00  4.25  26.0  0.15 1    .  2 10.00 11.50  1.06  0.95  1.06  2  2 1 1 111492  . 40.00 31.00  5.00  5.05  26.0  0.18 0 2 10.00 11.50  1.01  0.89  1.26  2  2    
146 1 0 1 0 0 1 0 0 0  3  8.00 20.00  5.00  4.80  26.0  0.25 1    .  2  7.00 16.00  1.06  1.00  1.06  4  3 1 1 111092  .  0.00 32.00  4.50  5.05  26.0  0.17 0 2  7.00 16.00  1.05  0.99  1.05  4  3    
149 1 0 1 0 0 1 0 0 0  1  0.00 20.00  4.00  4.50  26.0  0.27 0  50.0 3  7.00 16.00  1.06  0.95  0.95  2  1 1 1 111092  .  8.00 10.00  3.00  5.05  26.0  0.25 0 2  7.00 16.00  1.05  0.94  0.94  2  2    
150 1 0 1 0 0 1 0 0 0  2  0.00 27.50  3.50  4.67  26.0  0.27 1   2.0 2  7.00 16.00  1.23  0.89  0.89  3  3 2 1 123192  8 12.00 20.00  3.00  5.75  28.0  0.58 0 2  7.00 15.00  1.11  0.88  0.88  3  2    
156 1 0 1 0 0 1 0 0 0  0  8.00 15.00  3.00  4.87   6.0  0.25 0   0.0 1  7.00 15.00  1.06  0.95  1.02  8  3 1 1 111092  .  2.00 18.00  2.00  5.05    .   0.30 0 2  7.00 15.00  0.95  0.94  1.01  3  .    
158 2 0 1 0 0 1 0 0 0  1  2.00  7.00  3.00  4.50   4.0  0.12 0  55.0 1 11.00 10.00  0.92  0.70  2.34  3  3 1 1 111192  .  3.00  4.00  4.00  5.05  13.0  0.25 0 1 11.00 11.50  0.95  0.94  2.49  3  2    
159 2 0 1 0 0 1 0 0 0  8  6.00 12.00  2.00  4.50   4.0  0.12 0  22.0 1 10.50 10.50  0.98  0.85  2.34  3  3 1 1 111492  . 10.00  5.00  4.00  5.25  13.0  0.25 0 1 10.50 11.50  0.95  0.84  2.49  4  3    
162 3 1 1 0 0 1 0 0 0  2  0.00 40.00  3.00  4.75  26.0  0.17 0  45.0 2  6.00 16.50  1.12  1.02  1.06  .  1 1 1 111292  .  3.00 30.00  3.00  5.05  26.0  0.18 0 2  7.00 15.50  1.11  1.01  1.05  6  5    
166 4 0 1 0 0 1 0 0 0  0  8.00 32.00  5.00  4.75  26.0  0.25 1  40.0 2 10.50 11.50  0.95  0.85  1.06  2  2 1 1 111392  1  0.00 35.00  4.00  5.05  26.0  0.18 0 2 10.50 12.50  1.11  0.84  1.26  2  2    
168 1 0 1 0 0 1 0 0 0  0  5.00 20.00  4.00  4.25   4.0  0.25 1  50.0 1  7.00 15.00  1.06  0.95  0.95  3  3 1 1 111692  .  0.00 32.00  4.00  5.25  10.0  0.18 0 1  6.00 16.00  1.11  0.95  1.14  3  1    
171 1 1 1 0 0 1 0 0 1  0  2.00 32.00  3.00  4.25   8.0  0.25 0    .  2  7.00 16.00  1.09  0.95  1.04  3  3 1 1 111092  . 10.00 12.50  5.00  5.05   4.0  0.10 1 2  7.00 16.00  1.18  1.04  1.03  3  3    
172 1 0 1 0 0 1 0 0 0  0  0.00 24.00  5.00  4.75  13.0  0.25 0   0.3 1  9.00 12.50  1.12  1.02  1.06  5  4 1 1 111692  2  7.00 23.00  3.00  5.05   8.0  0.18 0 1  9.00 13.00  1.11  1.01  1.05  6  3    
173 1 0 1 0 0 1 0 0 0  3  6.00 40.00 10.00  4.85  26.0  0.15 0  50.0 2  6.50 17.50  1.06  0.95  0.98  4  3 1 1 111792  1 11.00 30.00  5.00  5.05  26.0  0.15 0 2  6.00 18.00  1.05  0.94  1.04  4  3    
174 1 0 1 0 0 1 0 0 1  2 11.00 20.00  4.00  4.75  26.0  0.15 0  50.0 2  7.00 16.00  1.18  0.88  0.98  4  3 1 1 111092  . 20.00 20.00  3.00  5.05   4.0  0.20 0 2  7.00 16.00  1.05  0.90  0.98  3  3    
176 1 0 1 0 0 1 0 0 0  0 15.00 21.00  4.00  4.62  13.0  0.12 0  20.0 1  7.00 16.00  1.06   .    1.05  4  4 1 1 111792  1 20.00 27.50  4.00  5.05    .    .   0 2  7.00 16.00  1.04  1.06   .    .  .    
178 2 1 1 0 0 1 0 0 1  0 13.00 12.00  3.00  4.25  52.0  0.20 1  96.0 1 11.00 10.00  0.91  0.85  2.34  3  2 1 1 111191  .  1.00 10.00  3.00  5.05  26.0  0.25 1 1 11.00 10.50  1.01  0.94  2.64  3  2    
179 2 0 1 0 0 1 0 0 0  2  2.00 12.00  3.00  4.25  13.0  0.25 1  90.0 1 10.50 10.50  0.91  0.91  2.34  3  3 1 1 111892  3  2.00 10.00  4.00  5.05  26.0  0.20 0 1 10.50 11.00  0.94  0.84  2.49  3  3    
180 2 0 1 0 0 1 0 0 1  0  8.00  3.00  4.00  4.50  26.0  0.25 0  30.0 2 11.00 11.00  1.06  1.01  2.66  4  2 1 1 111192  .  0.00 17.50  4.00  5.05    .    .   0 2 11.00 12.00  1.05  1.05  2.85  4  4    
182 2 0 1 1 0 0 0 0 1  0  3.00 15.00  3.00  4.50   4.0  0.25 1 100.0 2 11.00 11.00  1.06  1.01  2.66  4  3 1 1 111192  .  0.00 15.00  3.00  5.05  26.0  0.25 0 2 11.50 10.00  1.05  1.00  2.73  4  3    
183 2 0 1 0 0 1 0 0 0  0 12.00  4.00  4.00  4.62  20.0  0.33 0 100.0 3 11.00 11.00  1.06  1.01  2.66  4  3 1 1 111892  4 15.00 10.00  2.00  5.05  13.0  0.25 0 2 11.00 10.50  1.05  1.00  2.75  4  3    
185 2 0 1 0 1 0 0 0 1  0  2.00  9.00  3.00  4.50  13.0  0.20 0 100.0 2 11.00 10.50  1.06  1.01  2.66  4  4 1 1 111192  .  2.00  6.00  3.00  5.05  26.0  0.25 1 1 11.00 10.50  1.05  1.00  2.75  3  3    
186 3 0 1 0 0 1 0 0 0  3 10.00 20.00  4.00  4.75  26.0  0.15 1  50.0 2  6.00 16.00  1.12  1.02  0.95  5  3 1 1 111892  3 12.00 18.00  4.00  5.05  26.0   .   0 2  6.00 16.00  1.17  1.06  0.95  5  3    
189 3 0 1 0 0 1 0 0 0  0  4.00 15.00  3.00  4.75  39.0  0.20 0  95.0 2  7.00 15.00  1.12  1.07  1.12  4  2 1 1 111292  .  0.00 19.00  3.00  5.05  52.0  0.20 0 2  7.00 15.00  1.11  1.06  1.05  5  3    
192 4 0 1 0 0 1 0 0 0  2 20.00 10.00  4.00  4.87  26.0  0.17 1  10.0 2 10.00 12.00  0.91  0.85  1.06  2  2 1 1 111392  .  4.50 30.00  3.00  5.25  19.0  0.18 0 2 10.50 12.50  1.05  0.84  1.26  2  2    
193 4 0 1 0 0 1 0 0 1  3  1.00 13.00  3.00  4.50  13.0  0.12 1    .  2 10.00 11.00  0.95  0.85  0.99  2  1 1 1 111792  2  4.00  9.00  3.00  5.05  26.0  0.13 1 2  9.00 13.00  1.01  0.90  1.26  2  1    
195 4 0 1 0 0 1 0 0 1  3  0.00 30.00  3.00  4.25  26.0   .   1 100.0 2 10.50 11.50  1.06  0.85  1.06  2  2 1 1 111892  2  8.00 25.00  3.00  5.05  26.0  0.15 0 2 10.50 12.50  0.94  0.84  2.11  2  2    
198 1 0 1 0 0 1 0 0 0  0   .     .    4.00  4.25   4.0  0.12 1  65.0 3  7.00 16.00  1.06  0.95  0.95  3  3 1 1 111792  8 10.00 32.00  4.00  5.05  26.0  0.15 0 2  7.00 16.00  1.05  0.94  0.94  3  3    
199 2 0 1 0 0 1 0 0 0  0  0.00 12.00  3.00  4.35    .   0.12 0  25.0 1 11.00 10.00  0.85  0.80  2.34  4  3 1 1 111192  . 11.00  3.00  4.00  5.05   2.0  0.45 . 1 11.00 10.50  0.91  0.90  2.45  4  3    
200 1 0 1 0 0 1 0 0 0  0  0.00 60.00  3.00  4.25   9.0  0.20 1  15.0 2  6.00 18.00  1.06  0.91  0.98  4  3 1 1 111092  .  5.00 40.00  4.00  5.05  52.0  0.25 0 2  6.50 17.50  1.05  0.94  0.98  5  4    
201 1 0 1 0 0 1 0 0 0  0  0.00 33.00  3.00  4.50  26.0  0.35 0  65.0 2  7.00 17.00  1.06  1.02  0.95  3  3 1 1 111092  . 16.00 22.00  3.00  5.05  26.0  0.28 1 1  7.00 17.00  1.05  0.95  0.95  3  3    
202 1 0 1 0 0 1 0 0 0  2 30.00 14.00  4.00  4.25   4.0  0.37 1  15.0 2  6.00 19.00  1.17  0.95  0.63  3  3 1 1 111692  . 13.00 11.00  4.00  5.05   4.0  0.08 0 3  6.00 19.00  1.15  0.95  0.64  3  3    
203 1 0 1 0 0 1 0 0 0  2  9.00 12.00  2.00  4.25  26.0  0.15 0  50.0 2  7.00 17.00  1.06  0.95  0.95  3  3 1 1 111092  .  4.00 34.00  3.00  5.05  26.0  0.18 0 0  7.00 17.00  1.05  0.95  0.95  3  2    
204 1 0 1 0 0 1 0 0 0  0 10.00  8.50  4.00  4.25  13.0  0.27 0  31.0 2  6.50 17.50  1.06  1.00  1.06  3  3 1 1 111092  . 12.00 13.50  3.00  5.05  13.0  0.25 0 2  6.50 17.50  1.05  0.99  1.05  3  2    
207 2 1 1 0 0 1 0 0 0  0  8.00 10.00  4.00  4.75   8.0  0.25 0  25.0 1 11.00 12.00  1.06  0.85  2.34  4  2 1 1 111192  .  8.50  6.00  2.00  5.20  52.0  0.50 1 1 11.00 12.00  1.05  0.84  2.32  5  3    
208 3 1 1 0 0 1 0 0 0  1 12.00 32.00  4.00  4.62  26.0  0.15 0  95.0 2  6.00 17.00  1.19  0.94  0.85  4  4 1 1 111792  2  5.00 32.00  3.00  5.05  26.0   .   0 2  8.00 14.00  1.06  1.06  1.05  5  5    
209 3 1 1 0 0 1 0 0 0  0  4.00 36.00  4.00  4.25  26.0  0.12 0  75.0 2  6.00 18.00  1.17  0.95  0.95  5  5 1 1 111192  .  6.00 37.00  4.00  5.05  26.0  0.20 0 2  7.00 16.00  1.11  1.06  1.05  5  5    
210 4 1 1 0 0 1 0 0 0  3  0.00 19.00  2.00  4.50  13.0  0.17 1  90.0 2 10.50 11.50  1.06  0.95  0.95  4  2 1 1 111392  .  0.00 14.00  3.00  5.05  13.0  0.20 0 2 10.00 11.00   .     .     .    4  .    
211 1 0 1 1 0 0 0 0 0  2  3.00 28.00  4.00  4.50  13.0   .   0  80.0 2  7.00 15.00  1.02  0.95  0.95  3  3 1 1 111692  .  2.00 35.00  4.00  5.05   4.0   .   0 2  7.00 15.00   .    0.90   .    3  2    
212 1 0 1 1 0 0 0 0 0  0 11.00 17.50  3.00  4.50  13.0  0.17 0  95.0 1  7.00 16.00  1.06  0.88  0.84  3  2 1 1 111092  . 20.00 15.00  3.00  5.05   4.0  0.53 1 2  7.00 16.00  1.05  0.94  0.89  2  2    
213 1 1 1 1 0 0 0 0 0  1  4.50 20.00  4.00  4.55   4.0  0.15 0  50.0 2  6.50 17.50  0.96  0.93  0.93  4  3 2 1 121892  2 12.00 17.50  4.00  5.05  19.0  0.15 1 2  6.50 17.50  1.05  0.94  0.94  4  3    
214 1 0 1 1 0 0 0 0 0  0  2.00 30.00  3.00  4.62   6.5  0.25 0  75.0 2  7.00 16.00  1.02  0.89  0.91  2  2 1 1 111892  1  0.00 35.00  5.00  5.05    .    .   0 2  6.75 16.25  1.04  0.93  0.96  3  2    
215 1 0 1 1 0 0 0 0 0  0 10.00 10.00  3.00  4.50  13.0  0.20 0 100.0 2  7.00 16.00  1.06  0.89  0.91  3  3 1 1 111092  . 20.00 10.00  3.00  5.05  26.0  0.15 0 3  7.00 16.00  0.93  0.84  0.93  3  3    
216 2 0 1 1 0 0 0 0 0  0  2.00 11.00  3.00  4.25  13.0  0.15 0 100.0 1 11.00 10.50  1.06  0.95  2.77  4  3 1 1 111192  .  2.00 18.00  3.00  5.05  13.0  0.20 0 2 11.00 10.50  1.05  0.94  2.75  5  3    
217 2 1 1 1 0 0 0 0 0  0  2.00 13.00  2.00  4.25  13.0  0.17 0  73.0 1 11.00 10.00  0.95  0.74  2.19  4  3 1 1 111192  .  0.00 12.00  3.00  5.05  26.0  0.20 0 1 10.50 10.50  0.94  0.73  2.32  4  4    
218 2 1 1 1 0 0 0 0 0  0  7.00  4.00  2.00  4.35  26.0  0.25 0   5.0 1 11.00 10.00  0.85  0.74  2.34  3  2 1 1 111192  .  5.00  3.00  3.00  5.05  26.0  0.25 0 1 11.00 11.00  0.95  0.73  2.19  3  3    
219 2 1 1 1 0 0 0 0 0  0  3.00  9.00  3.00  4.25  19.0  0.12 0  50.0 2 11.00 10.00  0.91  0.74  2.34  4  3 1 1 111192  .  9.00  9.00  2.00  5.05  26.0  0.18 0 1 10.50 10.50  0.94  0.73  2.53  .  .    
220 2 0 1 1 0 0 0 0 0  4  3.00 15.00  2.00  4.25  13.0  0.25 0  50.0 2 11.00 10.00  1.06  0.95  2.77  5  3 1 1 111492  1  3.00 12.00  3.00  5.05  13.0  0.13 0 1 11.00 10.00  1.09  0.90  2.75  4  3    
221 2 0 1 1 0 0 0 0 0  0  1.00 28.00  3.00  4.60  13.0  0.25 0  95.0 1 11.00 11.00  1.02  0.95  2.56  4  3 1 1 111192  .  1.00 15.00  3.00  5.05  13.0  0.15 0 1 11.00 11.00  1.05  0.94  2.53  4  3    
222 3 1 1 1 0 0 0 0 0  3  2.00 24.00  3.00  4.25  13.0  0.25 0  75.0 2  9.00 12.50  1.12  0.85  1.06  3  1 1 1 111192  .  2.00 15.00  3.00  5.05  26.0  0.20 0 2 10.00 11.50  1.01  1.01  0.89  3  1    
223 3 1 1 1 0 0 0 0 0  2  3.00 18.00  3.00  4.75  13.0  0.25 0  30.0 2  6.00 16.00   .     .     .    3  2 2 1 121892  2  3.00 20.00  3.00  5.05  28.0  0.25 0 2  7.00 15.00  1.01  1.01  0.94  3  2    
225 3 1 1 1 0 0 0 0 0  0  3.00 27.00  3.00  4.75  13.0  0.20 0  25.0 2  6.00 17.00  1.06  0.91  0.91  6  3 1 1 111192  . 12.00 25.00  4.00  5.05   4.0  0.10 0 2  6.00 17.00  1.01  1.01  0.94  5  3    
226 4 0 1 1 0 0 0 0 0  0  0.00 22.00  2.00  4.25  13.0  0.25 0  60.0 1 10.50 11.50  0.95  0.71  0.95  2  2 1 1 111792  1  0.00 26.00  2.00  5.30  52.0  0.15 0 1 10.50 10.50  1.00  0.85  0.94  2  2    
228 4 0 1 1 0 0 0 0 0  0  3.00 28.50  3.00  4.50  13.0  0.20 1  20.0 3 10.50 12.50  0.95  0.86  0.95  2  2 1 1 111392  . 11.00 19.00  3.00  5.05    .    .   0 1 10.50 12.50  1.00  0.84  0.89  2  .    
229 1 0 1 0 0 1 0 0 0  2  3.00 40.00  3.00  4.50  26.0  0.10 0  30.0 2  8.50 13.50  0.95  0.95  1.06  5  4 1 1 111692  . 22.00 11.00  3.00  5.50  26.0  0.15 1 2  8.50 13.50  1.01  0.94  0.94  4  3    
230 1 0 1 0 0 1 0 0 0  0  0.00 25.00  3.00  4.25  26.0  0.10 0  60.0 1  7.00 17.00  1.02  0.95  0.95  3  2 1 1 111692  . 15.00 17.00  3.00  5.05  26.0  0.18 0 1  7.00 17.00  1.05  0.94  0.94  3  2    
232 1 0 1 0 0 1 0 0 0  3 18.00  6.00  3.00  4.75  26.0  0.12 1  46.0 3  7.00 16.00  1.06  0.95  0.95  3  3 1 1 111892  3 18.00 10.00  4.00  5.05  13.0  0.25 0 2  7.00 15.00  1.05  0.95  0.95  3  2    
233 1 0 1 0 0 1 0 0 0  0 19.00  7.00  3.00  4.65  13.0  0.32 0  10.0 2  7.00 16.00  1.17  0.95  0.95  2  2 1 1 111092  . 15.00  7.00  3.00  5.05  26.0  0.25 0 2  7.00 16.00  1.05  0.94  0.94  2  2    
235 1 0 1 0 0 1 0 0 0  2  5.00 17.00  1.00  4.25  26.0  0.21 0 100.0 2  7.00 16.00  1.02  0.95  1.04  3  2 2 1 121592  4   .   28.00  3.00  5.05  28.0  0.50 1 2  8.00 15.00  1.11  1.11  1.03  4  2    
237 1 0 1 0 0 1 0 0 0  2 12.00 11.00  4.00  4.25  13.0  0.25 0  50.0 2  7.00 16.00  1.11  0.95  1.01  2  2 1 1 110992  .  9.00 17.00  4.00  5.05   4.0  0.20 0 2  7.00 15.50  0.94  0.94  1.00  2  2    
238 2 1 1 0 0 1 0 0 0  2  0.00 22.00  3.00  4.75   9.0  0.12 0 100.0 1 11.00 12.00  1.06  1.02  2.34  5  3 1 1 111192  . 25.00 15.00  5.00  5.05  13.0  0.25 1 1 11.00 12.00  1.05  1.05  2.32  5  3    
239 2 0 1 0 0 1 0 0 0  1 15.00  4.00  3.00  4.25  13.0  0.25 0  35.0 1 10.50 13.50  1.05  0.95  2.74  5  3 1 1 111292  .  0.00 19.00  2.00  5.05  26.0  0.28 0 1 10.50 12.50  1.05  0.84  2.32  5  3    
243 3 1 1 0 0 1 0 0 0  0  7.00 25.00  3.00  4.50   8.0  0.25 0  40.0 2  6.00 16.50  1.07  1.02  0.74  6  3 1 1 111192  .  7.00 22.00  3.00  5.05  26.0  0.10 0 2  7.00 15.50  1.11  1.06  1.05  6  2    
244 3 1 1 0 0 1 0 0 0  3 12.00 30.00  3.00  4.25   4.0  0.25 0  40.0 2  6.00 18.00  1.17  1.12  1.02  4  3 1 1 111192  . 16.00 12.00  6.00  5.05  26.0  0.25 0 2  7.00 17.00  1.11  1.12  1.05  5  3    
247 4 0 1 0 0 1 0 0 0  3  0.00 40.00  4.00  4.50  13.0  0.10 0  75.0 2 10.50 15.50  1.06  1.05  1.06  2  2 2 1 121792  7  0.00 40.00  4.00  5.05    .    .   1 2 10.50 15.50  1.11  1.09  2.07  2  2    
248 4 0 1 0 0 1 0 0 0  2  8.00 16.00  6.00  4.75  13.0  0.37 0    .  2 10.00 16.00  1.17  0.95  0.85  2  2 1 1 111392  . 10.00 14.00  6.00  5.05  26.0  0.25 0 2 10.00 16.00  1.37  0.95  2.03  2  1    
249 1 0 1 1 0 0 0 0 1  1  6.00  6.00  4.00  4.37   4.0  0.25 0  63.0 1  7.00 15.00  1.13  1.06  0.95  3  2 1 1 110992  . 10.00 12.00  3.00  5.05   4.0  0.10 0 1  7.00 15.00  1.01  1.01  0.94  3  2    
250 2 1 1 1 0 0 0 0 1  2  1.00  4.00  2.00  4.50  13.0  0.30 0 100.0 1 11.00 10.00  0.85   .     .    4  1 1 1 111292  .  2.00  4.00  3.00  5.05   6.0  0.25 0 1 11.00 10.00  0.94  0.84  2.52  5  3    
253 3 1 1 1 0 0 0 0 0  0  7.00  7.00  3.00  4.87  52.0   .   0    .  2  7.00 13.00  1.23  1.06  2.30  2  2 1 1 111192  .  4.00  8.00  6.00  5.05  52.0  0.23 . 2  7.00 16.00  1.23  1.11  2.28  3  2    
257 1 0 1 1 0 0 0 0 1  2 20.00 10.00  3.00  4.25  39.0  0.20 0  10.0 2  7.00 16.00  1.02  0.88  0.91  2  2 2 2 121492  2   .     .     .     .      .    .   . .   .     .     .     .     .    .  .    
258 1 0 1 1 0 0 0 0 0  0  4.00 22.00  3.00  4.25   8.0  0.15 0  38.0 2  7.00 16.00  1.06  0.92  0.90  3  3 1 1 110992  . 20.00 18.00  3.00  5.05  13.0   .   0 2  6.00 18.00  1.08  0.94  0.84  3  3    
260 1 1 1 1 0 0 0 0 0  2 10.00 20.00  4.00  4.25   4.0  0.17 1 100.0 2  7.00 16.00  1.06  0.93  0.88  4  2 1 1 110992  .  4.00 26.00  5.00  5.05   8.0  0.28 0 2  7.00 16.00  1.09  0.94  0.93  3  3    
262 1 0 1 1 0 0 0 0 0  0  7.00 13.00  3.00  4.25  13.0  0.25 0  78.0 2  6.50 16.50  1.06  0.95  1.06  4  4 1 1 110992  .  0.00 22.50  3.00  5.05    .   0.25 0 2  6.50 17.50  1.08  1.02  0.87  3  3    
264 1 0 1 1 0 0 0 0 0  5  0.00 10.00  2.00  4.25  13.0  0.25 1  60.0 3  7.00 15.00  1.02  0.88  0.91  2  2 2 1 121492  2  0.00 23.00  5.00  5.05  14.0   .   0 2  7.00 16.00  1.05  1.11  0.94  3  3    
265 1 0 1 1 0 0 0 0 0  3  0.00 20.00  1.00  4.25  26.0  0.15 0 100.0 2  7.00 16.00  1.02  0.88  0.94  3  3 2 3 121492  1  0.00  0.00  0.00   .      .    .   . .   .     .     .     .     .    .  .    
267 1 0 1 1 0 0 0 0 0  0  6.50 20.00  3.00  4.25  26.0  0.22 0  80.0 2  7.00 16.00  0.90  0.80  0.80  3  2 1 1 110992  . 30.00 25.00  5.00  5.05  26.0  0.20 0 3  7.00 16.00  1.05  0.88  0.91  3  2    
269 2 1 1 1 0 0 0 0 0  0  2.00 10.00  3.00  4.45  13.0  0.12 0  33.0 2 11.00 10.00  0.95  0.69  1.50  4  3 1 1 111892  3 10.00  3.00  4.00  5.05  26.0  0.17 0 2 11.00 11.00  0.94  0.73  2.32  4  3    
273 2 1 1 1 0 0 0 0 0  0  2.00 14.00  4.00  4.62  13.0  0.20 0  95.0 1 11.00 10.00  0.95  0.74  2.34  4  3 1 1 111792  2  2.00 11.00  3.00  5.05   6.0  0.18 0 1 11.00 10.00  0.95  0.74  2.32  4  3    
275 2 1 1 1 0 0 0 0 0  0  4.00  4.00  4.00  4.25   9.0  0.25 0  38.0 2 11.00 11.00  0.95  0.79  2.34  4  3 1 1 111492  2  1.00  8.00  2.00  5.05  13.0  0.39 0 1 11.00 10.50  0.94  0.73  2.32  4  2    
277 2 1 1 1 0 0 0 0 0  0  2.00 15.00  3.00  4.25   9.0  0.25 0  10.0 3 11.00 10.00  0.95  0.85  2.34  3  3 1 1 111492  1  1.00 14.00  3.00  5.05    .    .   0 1 11.00 10.00  0.94  0.73  2.32  3  3    
278 2 1 1 1 0 0 0 0 0  0  3.00  4.00  3.00  4.25   3.0  0.25 0  43.0 2 11.00 10.00  0.95  0.74  2.19  4  3 1 1 111392  .  0.00  9.00  4.00  5.05    .    .   0 1 11.00 11.00  0.95  0.73  2.32  5  3    
282 3 1 1 1 0 0 0 0 0  2  2.00 14.00  3.00  4.25  13.0  0.13 0  25.0 2  6.00 16.00  1.06  0.91  0.79  4  3 2 3 121492  1  0.00  0.00  0.00   .      .    .   . .   .     .     .     .     .    .  .    
284 3 1 1 1 0 0 0 0 0  1  5.00 23.00  4.00  4.50  13.0  0.25 1  88.0 2  6.00 16.00  1.02  0.91  0.91  5  4 1 1 111692  1  6.00 12.00  3.00  5.05  26.0  0.28 0 2  6.00 16.00  1.01  1.01  0.94  4  3    
285 3 1 1 1 0 0 0 0 0  1  3.00 25.00  3.00  4.75   4.0  0.25 0  70.0 2  6.00 16.00  1.02  0.91  0.80  4  2 1 1 111292  .  3.00 15.00  3.00  5.05  52.0  0.13 0 2  6.00 16.00  1.01  1.01  1.01  4  2    
286 3 1 1 1 0 0 0 0 0  4  1.00 15.00  3.00  4.75  13.0  0.25 0  66.0 2 10.00 11.50  1.12   .    0.95  2  1 1 1 111692  1  2.00 15.00  3.00  5.05  26.0  0.18 0 2 10.00 11.50  1.02  1.01  0.94  2  1    
287 3 1 1 1 0 0 0 0 0  2  3.00 18.00  3.00  4.50  13.0  0.17 0  70.0 2  6.00 16.00  1.06  0.91  0.95  5  3 1 1 111292  .  2.00 15.00  3.00  5.05   4.0  0.15 0 2  6.00 16.00  1.01  1.01  0.94  5  3    
288 3 1 1 1 0 0 0 0 0  3  0.00 20.00  3.00  4.75    .   0.25 0  15.0 2  6.00 16.00  1.02  0.95  0.95  6  4 1 1 111292  .  5.00  9.00  3.00  5.05  19.0  0.15 0 2  6.00 16.00  1.01  1.01  0.89  5  2    
289 3 1 1 1 0 0 0 0 0  2  2.00 12.00  2.00  4.25  13.0  0.20 0  50.0 2  6.00 16.00  1.02  0.95  0.95  5  3 1 1 111292  .  3.00 10.00  2.00  5.05  26.0  0.25 0 2  7.00 15.00  1.01  1.01  2.00  6  3    
290 4 0 1 1 0 0 0 0 0  1  8.00 12.00  3.00  4.75  26.0  0.10 0  35.0 3 10.50 12.50  0.95  0.89  0.95  2  2 1 1 111392  1  0.00 23.00  2.00  5.05    .    .   0 1 10.50 11.50  1.00  0.85  0.94  2  2    
291 4 0 1 1 0 0 0 0 0  0  4.00 20.00  3.00  4.55  16.0  0.12 0  25.0 1 10.50 11.50  0.95  0.86  0.95  2  2 1 1 111392  .  5.00 16.00  3.00  5.10  17.0  0.10 1 2 10.50 11.50  1.00  0.85  0.94  2  2    
292 4 0 1 1 0 0 0 0 1  2 10.00 15.00  3.00  4.80  26.0  0.12 0   2.0 1  7.00 16.00  0.95  0.92  0.95  2  1 1 1 111392  . 15.00 11.00  3.00  5.05  52.0  0.25 1 1  7.00 16.00  1.00  0.84  2.69  2  2    
295 1 0 1 0 0 1 0 0 0  3  8.00  9.00  3.00  4.75  26.0  0.12 0 100.0 2  6.50 16.50  1.06  0.95  0.95  3  3 2 1 121592  1   .   21.00  4.00  5.05  28.0  0.18 0 2  6.00 18.00  1.05  0.94  0.94  3  3    
297 1 1 1 0 0 1 0 0 0  1  9.00 15.00  3.00  4.25  13.0  0.05 0 100.0 2  7.00 16.00  1.06  0.91  0.98  3  3 1 1 111792  2 15.00 30.00  4.00  5.05  26.0  0.15 0 2  7.00 16.00  1.05  0.94  0.98  3  2    
303 3 1 1 0 0 1 0 0 0  0 10.00 35.00  3.00  4.35  26.0  0.27 1  28.0 2  6.00 17.00  1.12  1.00  1.02  6  5 1 1 111692  . 12.00 35.00  3.00  5.05  13.0  0.15 0 2  7.00 16.00  1.05  1.05  1.05  5  3    
304 3 0 1 0 0 1 0 0 0  3 10.00 20.00  3.00  4.50  26.0  0.37 0  50.0 2  6.00 17.00  1.27  1.27  2.24  5  3 1 1 111292  . 10.00 15.00  4.00  5.05  26.0  0.38 1 1  0.00 24.00  1.40  1.29  1.05  5  5    
305 3 1 1 0 0 1 0 0 0  2  0.00 20.00  3.00  4.39    .    .   0    .  2  6.00 17.00  1.27  1.27  1.06  5  4 1 1 111792  1  5.00 22.00  4.00  5.05   2.0  0.35 0 1  6.00 18.00  1.37  1.31  1.05  5  4    
307 3 1 1 0 0 1 0 0 0  0 17.50 17.50  4.00  4.25  15.0  0.50 0  90.0 2  6.00 18.00  1.19  1.19  1.06  5  5 1 1 111892  1 25.00 25.00  6.00  5.20    .    .   0 2  0.00 24.00  1.26   .    1.05  5  5    
310 4 0 1 0 0 1 0 0 0  2  0.00 28.00  4.00  4.25  13.0  0.25 1  61.0 2 10.50 11.50  0.91  0.91  1.94  2  1 1 1 111392  .  3.00 23.00  3.00  5.05  26.0  0.30 0 2 10.50 11.50  0.97  0.90  2.06  2  2    
312 1 0 1 1 0 0 0 0 1  3  4.00  6.00  3.00  4.25  10.0  0.22 0 100.0 1  8.00 11.00  1.22  1.06  0.93  3  1 1 1 110992  .  3.00  2.00  3.00  5.05   4.0  0.25 0 1  9.00 10.00  1.26  1.05  1.02  3  1    
313 1 0 1 1 0 0 0 0 1  0 11.00  9.00  4.00  4.50   4.0  0.25 0  80.0 1  7.00 15.00  1.06  0.93  0.94  3  2 1 1 110992  .  0.00 30.00   .    5.05   8.0  0.25 0 1  7.00 15.00  1.00  1.01  0.89  3  3    
314 1 0 1 1 0 0 0 0 1  8  8.00 12.00  3.00  4.62   4.0  0.25 0  80.0 1  7.00 15.00  1.06  0.95  0.91  3  2 1 1 110992  . 15.00  6.00  4.00  5.25  13.0  0.15 0 1  6.00 16.00  1.05  0.74  0.94  3  3    
316 1 1 1 1 0 0 0 0 1  0 15.00 15.00  3.00  4.62   8.0  0.25 0  10.0 2  7.00 16.00  1.06  0.92  0.87  3  2 1 1 111692  . 12.00 14.00  3.00  5.05  26.0  0.15 1 2  7.00 16.00  1.05  0.94  0.94  .  .    
317 1 0 1 1 0 0 0 0 1  3  0.00  8.00  2.00  4.25  13.0  0.17 0 100.0 1  8.00 12.00  1.22  0.93  0.96  3  1 1 1 111792  1  4.00  0.00  3.00  5.05   8.0  0.13 0 1  8.00 10.50  1.26  1.05  1.05  2  1    
318 2 0 1 1 0 0 0 0 1  3  5.00  7.00  3.00  4.75  13.0  0.25 1  36.0 2 11.00 12.00  1.23  0.98  2.61  3  3 1 1 111292  .  7.00  6.00  4.00  5.05  13.0  0.50 1 1 10.50 11.50  1.11  0.95  2.59  3  3    
319 2 0 1 1 0 0 0 0 1  2  0.00 11.00  3.00  4.62   2.5  0.12 1    .  2 10.50 12.50  1.06  0.85  3.95  .  . 1 1 111292  . 22.00  4.00  3.00  5.05  13.0  0.25 1 1 10.50 11.50  0.95  0.90  2.43  4  3    
322 3 1 1 1 0 0 0 0 1  0  8.00 13.00  4.00  4.75  13.0  0.15 0  25.0 2  6.00 16.00  1.06  1.06  1.02  6  2 1 1 111692  1 12.00  5.00  4.00  5.05  13.0   .   0 2  7.00 15.00  0.96  1.01  0.94  6  3    
325 3 1 1 1 0 0 0 0 1  0  4.00 15.00  4.00  4.50  10.0  0.25 0  50.0 2  6.00 15.00  1.09  1.06  0.79  6  3 1 1 111692  .  1.00 15.00  3.00  5.05  26.0  0.10 0 2  7.00 15.00  1.02  1.01  1.01  6  3    
333 1 0 1 0 1 0 0 0 0  0  2.00 16.50  4.00  4.25  13.0  0.20 0 100.0 2  7.00 15.00  1.02  0.88  0.82  4  . 1 1 110992  .  3.00 20.00  3.00  5.05  13.0  0.18 0 2  7.00 15.00  1.04  0.87  0.87  3  3    
336 1 0 1 1 0 0 0 0 0  2 28.00 12.00  4.00  4.50   4.0  0.20 0  80.0 2  7.00 15.00  1.02  0.91  0.93  3  2 1 1 110992  . 10.00 20.00  5.00  5.05   6.0  0.20 0 2  6.00 16.00  0.95  1.05  0.94  3  3    
337 1 1 1 1 0 0 0 0 0  0  5.00 29.50  5.00  4.87    .   0.30 0  90.0 3  7.00 17.00  1.06  0.93  0.93  4  3 1 1 110992  . 25.00  5.00  3.00  5.05  26.0   .   0 2  7.00 17.00   .     .     .    .  .    
339 1 1 1 1 0 0 0 0 0  2 18.00  6.00  2.00  4.25  26.0  0.37 0  70.0 3  7.00 16.00  1.06  0.85  0.95  3  3 1 1 111692  .  5.00  9.00  2.00  5.05  13.0  0.25 1 1  7.00 16.00  0.95  0.95  0.95  3  3    
340 1 0 1 1 0 0 0 0 0  3  6.00 30.00  3.00  4.25  26.0  0.10 0  30.0 2  7.50 14.50  0.96  0.95  0.85  5  4 1 1 111692  . 15.00 17.00  2.00  5.05   8.0  0.15 0 2  6.00 16.00  1.05  0.84  0.84  5  4    
341 2 1 1 1 0 0 0 0 0  0  2.00  7.00  2.00  4.62   4.0  0.25 0  33.0 1 11.00  9.50  0.95  0.74  2.34  3  3 1 1 111492  .  3.00  7.00  3.00  5.05    .    .   0 1 11.00 11.00  0.90  0.84  2.32  4  2    
343 2 1 1 1 0 0 0 0 0  0 10.00  6.00  2.00  4.75  26.0  0.25 0  43.0 2 11.00 10.50  0.95  0.74  2.34  4  3 1 1 111892  4  4.00 11.00  2.00  5.05   6.0  0.15 0 2 11.00 12.00  0.95  0.85  2.32  4  3    
346 2 1 1 1 0 0 0 0 0  0  2.00 10.50  2.00  4.25  19.0  0.20 0    .  2 11.00 10.00  0.95   .     .    4  3 1 1 111292  .  3.00 12.00  3.00   .      .    .   0 1 11.00 11.00  0.85   .     .    .  .    
348 3 1 1 0 1 0 0 0 0  0  3.00 10.50  3.00  4.25  13.0  0.20 0  75.0 2 10.50 10.50  1.02  1.06  0.95  3  2 2 3 121892  1  0.00  0.00  0.00   .      .    .   . .   .     .     .     .     .    .  .    
350 3 1 1 1 0 0 0 0 0  0  8.00  9.00  4.00  4.75  13.0  0.37 0  60.0 2  6.00 16.00  1.06  0.91  1.12  5  . 1 1 111892  1  5.00 20.00  2.00  5.05  13.0  0.23 0 2  6.00 17.00  1.01  1.01  0.89  5  4    
351 3 1 1 1 0 0 0 0 0  1  2.00 27.50  3.00  4.25    .    .   0    .  2  6.00 16.00  1.02  0.90  0.95  4  3 1 1 111792  2 10.00 20.00  4.00  5.05  52.0  0.53 0 2  6.00 16.00  1.01  1.01  0.73  4  2    
352 3 1 1 0 0 1 0 0 0  0  0.00 19.00  4.00  4.75   8.0  0.25 0  50.0 2 10.00 11.50  1.12  0.91  0.99  2  2 2 5 122392  9   .     .     .     .      .    .   . .   .     .    0.95  0.95  0.89  .  .    
353 3 1 1 1 0 0 0 0 0  0  7.50 22.50  3.00  4.37  13.0  0.22 0  90.0 2  6.00 16.00  1.07  0.85  0.95  5  3 2 1 121492  4   .   31.00  4.00  5.05  28.0   .   0 2  6.00 16.00  1.01  1.01  0.89  3  3    
355 4 0 1 0 1 0 0 0 0  0  2.00 17.00  3.00  4.87  26.0  0.15 1 100.0 1 10.50 11.50  0.95  0.92  0.95  2  2 1 1 111392  .  3.00 17.00  2.00   .      .    .   0 1 10.50 11.50  1.00  0.85  0.89  2  2    
359 1 1 1 1 0 0 0 0 0  1  0.00 22.00  4.00  4.25  26.0  0.17 0 100.0 2  7.00 15.00  1.02  0.85  0.82  3  3 1 1 111692  .  0.00 26.00  4.00  5.05  26.0  0.25 0 2  7.00 16.00  1.05  0.87  0.82  3  2    
360 1 0 1 1 0 0 0 0 0  0  3.00 25.00  2.00  4.25  13.0  0.15 1 100.0 2  7.00 15.00  1.06  0.84  0.89  3  3 1 1 111692  .  5.00 32.00  7.00  5.05   4.0  0.25 0 2  7.00 16.00  1.05  0.87  0.82  3  3    
361 1 0 1 1 0 0 0 0 0  0  6.00 13.00  5.00  4.25  26.0  0.22 0 100.0 2  7.00 16.00  1.02  0.91  0.85  3  3 1 1 110792  .  4.00 23.00  6.00  5.05  26.0  0.18 0 2  7.00 16.00  0.90  0.93  0.92  3  2    
362 2 0 1 1 0 0 0 0 0  0  6.00 13.00   .    4.25  13.0  0.66 1 100.0 2 10.50 12.50  1.06  0.81  2.45  5  3 1 1 111292  . 24.00  4.00  4.00  5.05  13.0  0.18 0 1 10.50 12.50  1.05  0.84  2.43  5  3    
363 2 0 1 1 0 0 0 0 0  2  0.00 25.00  3.00  4.25  18.0  0.18 0  75.0 2 10.50 12.50  1.06  0.80  2.45  4  3 1 1 111292  . 14.00  7.00  2.00  5.20   4.0  0.13 0 2 10.50 12.50  1.01  0.80  2.43  4  4    
364 2 0 1 1 0 0 0 0 0  3  3.50 20.00  3.00  4.25  13.0  0.12 1    .  2 11.00 12.00  0.95  0.85  2.45  4  4 1 1 111492  .  1.00 30.00  4.00  5.05  52.0  0.25 0 1 10.50 12.50  1.05  0.84  2.43  5  3    
366 3 0 1 1 0 0 0 0 0  3  2.00 17.00  3.00  4.50  13.0  0.25 0  50.0 2 10.50 11.50  1.02  0.91  0.63  5  4 1 1 111892  1  1.00 19.00  4.00  5.05  13.0  0.25 0 2 10.50 11.50  1.01  0.90  0.63  4  3    
368 4 0 1 1 0 0 0 0 0  1  0.00 20.00  3.00  4.25  13.0  0.15 0  20.0 3 10.50 12.50  0.89  0.86  0.95  2  1 1 1 111392  .  0.00 25.00  2.00  5.05  19.0  0.15 0 1 10.50 11.50  1.00  0.85  0.95  2  2    
369 1 1 1 0 0 1 0 0 0  1  0.00 15.00  4.00  4.35  18.0  0.12 0  87.0 2  7.00 15.00  1.17  1.06  1.17  3  2 2 3 120992  .  0.00  0.00  0.00   .      .    .   . .   .     .     .     .     .    .  .    
370 1 0 1 0 0 1 0 0 0  0 20.00 11.50  3.30  4.85  18.0  0.25 0  80.0 3  7.00 16.00  1.06  0.95  0.95  3  2 1 1 110792  . 26.00  5.00  3.00  5.05    .   0.10 1 3  7.00 16.00   .     .     .    3  2    
376 1 0 1 0 0 1 0 0 0  3  4.00 10.00  4.00  4.50  13.0  0.10 0    .  2  8.00 14.00  0.95  0.95  0.96  8  4 1 1 111792  2  0.00 17.00  3.00  5.05  15.0  0.20 1 2  8.00 14.00  1.26  1.01  1.00  3  3    
377 1 0 1 0 0 1 0 0 0  3 12.00  6.00  3.00  4.25  26.0  0.15 1  90.0 2  8.00 14.00  1.06  0.95  0.95  3  2 1 1 110792  . 11.00 12.00  3.00  5.05  26.0  0.20 0 2  8.00 14.00  1.05  0.95  0.94  3  1    
379 1 0 1 0 0 1 0 0 0  0 20.00 12.00  4.00  4.62  26.0  0.17 0  30.0 3  7.00 16.00  1.06  1.06  0.95  3  2 1 1 111792  1 28.00  6.00  3.00  5.05  52.0  0.15 1 1  7.00 16.00  1.06  1.06  1.06  3  2    
380 1 0 1 0 0 1 0 0 0  0 10.00 15.00  3.00  4.50  52.0  0.20 0  50.0 3  7.00 16.00  1.06  0.95  0.95  3  2 1 1 110792  . 15.00 14.00  3.00  5.05  26.0  0.13 0 1  7.00 16.00  1.05  0.94  0.94  3  2    
383 1 0 1 0 0 1 0 0 0  3  6.00  4.00  2.00  4.50  26.0  0.25 0  30.0 1  7.00 16.00  1.15  0.95  0.95  2  2 1 1 111892  2  7.00  2.00  2.00  5.05  26.0  0.38 0 1  7.00 16.00  1.16  1.01  1.05  2  2    
384 1 0 1 0 0 1 0 0 0  3   .     .    3.00  4.65  26.0  0.25 0    .  2  7.00 16.00  1.06  0.95  0.95  3  2 1 1 110792  .  0.00 30.00  3.00  5.05  26.0  0.10 0 3  7.00 16.00  1.05  1.05  0.89  3  2    
385 1 0 1 0 0 1 0 0 0  2 16.00 14.00  3.00  4.25    .   0.15 1  25.0 1  7.00 17.00   .     .     .    3  2 2 1 120992  4 15.00 14.00  3.00  5.05  28.0  0.10 0 2  7.00 17.00  1.16  1.22  0.41  3  3    
386 1 0 1 0 0 1 0 0 0  0  0.00 19.00  3.00  4.25  39.0  0.25 0    .  1  7.00 17.00  1.06  0.95  0.95  3  2 1 1 111692  . 14.00 10.00  4.00  5.05  26.0  0.25 0 1  7.00 17.00  1.05  0.95  0.95  4  2    
391 2 0 1 0 0 1 0 0 0  3 15.00  5.00  2.00  4.25   6.0  0.12 0  12.0 2 11.00 10.00  1.06  1.06  2.66  3  3 1 1 111492  2 12.00  7.00  2.00  5.05    .    .   0 2 11.00 10.00  1.05  1.05  2.64  4  3    
393 2 1 1 0 0 1 0 0 0  4  4.00 10.00  3.00  4.62   2.0  0.25 0 100.0 2 11.00 11.00  1.17  1.27  2.77  3  2 1 1 111792  3 18.00  4.00  3.00  5.25  13.0  0.25 1 1 11.00 11.00  1.16  1.26  2.75  3  2    
396 3 1 1 0 0 1 0 0 0  1 24.00 16.00  4.00  4.87   9.0  0.37 0  10.0 2  6.00 17.00  1.27  1.07  2.13  5  3 1 1 111192  .  8.00 30.00  3.00  5.40  26.0  0.10 0 2  7.00 16.00  1.11  1.05  1.05  5  3    
397 3 1 1 0 0 1 0 0 0  2  4.00 28.00  3.00  4.25  52.0  0.62 0  85.0 2  6.00 17.00  1.12  1.02  1.06  4  3 2 1 122892  9  6.00 15.00  3.00  5.05  52.0  0.24 0 2  6.00 17.00  1.17  1.06  2.11  4  3    
398 3 1 1 0 0 1 0 0 0  1 14.00 13.00  4.00  4.75  13.0  0.15 0  25.0 2  6.00 17.00  1.12  1.06  1.06  5  4 2 1 121092  2 25.00 15.00  3.00  5.05  28.0   .   0 2  6.00 17.00  1.11  1.06  1.05  5  3    
399 3 1 1 0 0 1 0 0 0  0 13.00  8.00  3.00  4.87  18.0  0.30 1    .  2  6.00 17.00  1.27  1.04  1.12  7  3 1 1 111192  . 18.00 18.00  4.00  5.05  26.0  0.23 0 2  7.00 16.00  1.26  1.08  1.05  7  4    
400 3 1 1 0 0 1 0 0 0  0 16.00 15.00  3.00  4.50  39.0  0.50 0  50.0 3  6.00 17.00  1.20  1.06  1.06  5  5 1 1 111192  .  8.00 24.00  3.00  5.05  41.0  0.15 0 2  7.00 16.00  1.17  1.01  1.05  5  3    
401 3 0 1 0 0 1 0 0 0  0  8.00  6.00  4.00  4.25  13.0  0.17 1  18.0 2  7.00 16.00  1.12  1.02  1.02  6  4 1 1 111792  2  5.00 27.00  4.00  5.05  26.0  0.15 0 2  6.00 16.00  1.12  1.05  1.05  6  4    
402 3 1 1 0 0 1 0 0 0  2 11.00 10.00  3.00  4.75  26.0  0.25 0  20.0 2  6.00 16.00  1.12  1.02  1.06  4  2 1 1 111692  . 17.00  5.00  2.00  5.05  26.0  0.13 0 2  7.00 15.00  1.11  1.05  1.05  4  1    
405 3 1 1 0 0 1 0 0 0  3  6.00 17.00  3.00  4.32  26.0  0.12 0  57.0 2  6.00 17.00  1.12  1.02  1.06  7  4 1 1 111692  .  1.50 15.00  3.00  5.05  26.0  0.15 0 2  7.00 16.00  1.12  1.01  1.05  6  3    
410 1 0 1 0 0 1 0 0 0  0  0.00 35.00  3.00  4.25  26.0  0.10 0    .  3  7.00 16.00  1.04  1.12  1.02  4  3 1 1 111692  .  0.00 35.00  3.00  5.05  26.0  0.10 1 2  7.00 16.00  1.19  0.98  1.01  4  3    
411 1 0 1 0 0 1 0 0 0  1  0.00 36.00  3.00  4.50  26.0  0.10 0 100.0 2  7.00 16.00  1.16  1.02  1.09  5  4 1 1 111692  .  4.00 36.00  3.00  5.05   4.0  0.13 1 2  7.00 16.00  1.15  1.01  1.01  5  4    
412 2 0 1 0 1 0 0 0 0  0  0.00 17.00  2.00  4.50    .   0.37 0  18.0 1 11.00 11.00  1.06  1.02  2.34  5  2 1 1 111292  .  0.00 13.00  2.00  5.05    .    .   0 1 11.00 11.00  1.15  1.05  2.64  5  3    
413 1 0 1 0 0 1 0 0 0  0  0.00 36.00  5.00  4.25   9.0  0.50 0 100.0 1  6.00 17.00  1.12  1.02  1.06  4  3 1 1 110792  .  0.00 20.00  3.00  5.05  26.0  0.13 1 1  7.00 17.00  1.11  1.01  1.05  4  2    
414 1 0 1 0 0 1 0 0 0  0  0.00 36.00  5.00  4.25  26.0   .   0  45.0 1  7.00 16.00  1.06  0.95  1.11  4  2 1 1 111692  . 13.00  9.00  4.00  5.05  26.0  0.38 1 3  7.00 16.00  1.15  0.95  1.13  4  3    
415 1 0 1 0 0 1 0 0 0  0  8.00 32.00  5.00  4.25   9.0   .   1  65.0 2  7.00 16.00  1.06  0.91  0.98  5  3 1 1 110792  .  0.00 38.00  4.00  5.05  52.0   .   0 2  7.00 16.00  1.05  0.90  1.04  4  2    
417 1 1 1 0 0 1 0 0 0  0  4.00 28.00  3.00  4.25  13.0  0.20 1  90.0 2  7.00 16.00  1.05  0.94  1.07  4  4 1 1 110992  . 13.00 17.00  4.00  5.05  26.0  0.15 1 3  7.00 16.00  1.11  1.09  1.00  3  2    
418 1 0 1 0 0 1 0 0 0  2 30.00 15.00  4.00  4.25  26.0  0.10 1  10.0 2  8.00 15.00  1.02  1.01  0.52  4  3 1 1 110992  .  0.00 35.00  4.00  5.05  26.0  0.15 0 2  7.00 16.00  1.03  0.90  0.59  3  3    
419 2 1 1 0 0 1 0 0 0  4  3.00 10.00  4.00  4.25    .   0.50 0  15.0 2 11.00 11.00  1.06  0.85  2.34  4  4 2 1 121592  4  5.00  5.00  2.00  5.05    .    .   0 1 11.00 11.00  1.05  0.84  2.53  4  3    
421 2 1 1 0 0 1 0 0 0  3 20.00 10.00  8.00  4.62   4.0  0.37 0  10.0 2 10.50 13.00  1.06  0.85  2.34  4  2 1 1 111792  3 25.00  7.00  8.00  5.05   4.0  1.00 0 2 10.50 13.00  1.05  0.84  2.32  4  2    
422 2 0 1 0 0 1 0 0 0  2  0.00  7.00  3.00  4.75    .   0.25 0    .  2 10.00 11.00  1.06  0.85  2.34  4  2 1 1 111492  2  5.00 10.00  6.00  5.05    .    .   0 1 11.00 11.00  1.01  0.84  2.32  4  4    
423 2 1 1 0 0 1 0 0 0  3  2.00 10.00  2.00  4.95  13.0  0.50 1  33.0 1 11.00 12.00  1.06  0.85  2.34  3  2 1 1 111492  1 19.00  3.50  3.00  5.25  13.0  0.50 0 1 11.00 11.00  1.05  0.84  2.32  3  2    
424 2 1 1 0 0 1 0 0 0  0  3.50  6.50  3.00  4.75  13.0  0.25 0  45.0 1 11.00 11.00  1.06  0.85  2.34  5  3 1 1 111792  1 12.00  3.00  4.00  5.25  19.0  0.50 0 1 11.00 14.00  1.05  0.94  2.32  5  3    
426 3 1 1 0 0 1 0 0 0  0  3.00 33.00  5.00  4.25  26.0  0.15 0  75.0 2  5.00 19.00  1.18  1.02  1.06  5  3 1 1 111192  .  5.00 25.00  3.00  5.05  19.0  0.25 1 2  6.00 18.00  1.11  1.05  1.05  6  5    
427 4 0 1 0 0 1 0 0 0  3  7.00  8.00  3.00  4.75  13.0  0.10 0  40.0 2 10.50 12.50  1.06  0.98  2.03  2  2 2 1 121792  4  0.00 35.00  3.00  5.05    .    .   1 2 10.50 12.50  1.11  1.09  2.07  2  2    
428 4 0 1 0 0 1 0 0 0  2  0.00 33.00  3.00  4.62  13.0  0.12 0 100.0 2 10.50 12.50  1.06  0.98  1.06  2  2 1 1 111392  . 10.00 24.00  3.00  5.14  13.0  0.10 0 2 10.50 12.50  1.05  0.89  2.11  2  2    
